3 0.30546875 0.34296875 0.09609375 0.13828125
3 0.56796875 0.33125 0.11015625 0.14921875
3 0.62578125 0.46015625 0.11875 0.14765625
3 0.30078125 0.62109375 0.10546875 0.153125
3 0.45859375 0.778125 0.1171875 0.16640625
4 0.2890625 0.9421875 0.30625 0.115625
4 0.52109375 0.83984375 0.3984375 0.3203125
4 0.23671875 0.64375 0.30546875 0.3890625
4 0.2578125 0.2046875 0.4171875 0.409375
7 0.4359375 0.16328125 0.1578125 0.28046875
7 0.53046875 0.11328125 0.3 0.2265625
7 0.28203125 0.290625 0.296875 0.39140625
5 0.08671875 0.4390625 0.1734375 0.44609375
5 0.5578125 0.48203125 0.384375 0.50234375
6 0.428125 0.496875 0.51015625 0.434375