2 0.175 0.47109375 0.17890625 0.22890625
2 0.51875 0.9125 0.14375 0.175
2 0.62421875 0.81171875 0.16171875 0.225
3 0.4296875 0.57890625 0.15703125 0.24375
3 0.25234375 0.934375 0.1515625 0.13125
2 0.5140625 0.425 0.165625 0.20625
0 0.2875 0.628125 0.18203125 0.203125
0 0.16953125 0.696875 0.14140625 0.20234375
0 0.12890625 0.8515625 0.16875 0.22421875
0 0.39375 0.92578125 0.140625 0.1484375
0 0.32734375 0.78515625 0.140625 0.17109375
0 0.3546875 0.8125 0.00703125 0.00078125
1 0.4625 0.7625 0.1578125 0.20390625
1 0.63046875 0.959375 0.1703125 0.08125
1 0.58125 0.62578125 0.1421875 0.23046875