3 0.39512435108272137 0.5559349644358195 0.22651233887551347 0.16712304573098144
2 0.45904313242375216 0.8268625341286 0.2107509465556454 0.16188990870767306
2 0.6438189491959418 0.7798262991047246 0.20128501834239998 0.15843752649368775
2 0.6384892208370472 0.3460787816815294 0.19480769780928675 0.1504067716843644
2 0.9243381411327338 0.4196055286014865 0.12913723370266403 0.14655259618646851
2 0.9061611394833811 0.5615028519224643 0.15730769780928638 0.14909724282842376
0 0.8316228260764038 0.7896576229738564 0.19489862602253183 0.1535317716843645
0 0.9325153878340284 0.7018451097270125 0.09659751834239998 0.15478175843752046
0 0.5905648832151751 0.5178917834956278 0.1915463054894186 0.14561014427970279
0 0.4729718694251215 0.40180797042626926 0.1977508413827959 0.14426589908902604
1 0.5348424174591997 0.6626611356725463 0.22017141066226814 0.163779790921658
1 0.7410984291376822 0.601607040667204 0.2138304824490227 0.1604365361123346
1 0.7627186795333936 0.44866308994156456 0.2138304824490227 0.1604365361123346