2 0.8503160790443982 0.4877758360574713 0.15114538524403187 0.19774767447164338
2 0.8350824853656688 0.2861178872871353 0.16059310811666877 0.21030221662612103
2 0.6551551326117532 0.057719655633899636 0.1521897347764936 0.1086942648307229
2 0.5161289940480717 0.05066061367581366 0.1521170119038567 0.09619426483072291
2 0.424067717313492 0.2970083728491958 0.14474993949875792 0.17271131303532483
0 0.7481263442679045 0.5949974627172961 0.1528351502711464 0.2196317648307229
0 0.5830927384889268 0.35809183947531686 0.1384999394987579 0.1726749515990063
0 0.4716189073032293 0.44963392398066404 0.14332379488495234 0.19613972267624522
0 0.4266937893258073 0.11420496320827545 0.14166130093507637 0.17894313231716558
0 0.8259761718393646 0.10559004995311778 0.16982266237139498 0.18535675878059873
0 0.7732784187161067 0.03184347774441077 0.14719316256778664 0.055541993753484065
3 0.6063024586310892 0.5316702400410509 0.16684310811666875 0.21033857806243947
1 0.7140882084346976 0.4026054296380047 0.1511635659621909 0.20087267447164336
1 0.7004898376286051 0.18845657122674836 0.14174311416679294 0.1930056323171656
1 0.5584068767580208 0.16966059855050314 0.13071471057599665 0.1773169998036083