0 0.41719490136646087 0.290625 0.19586311542376222 0.15
0 0.5590549860353659 0.54609375 0.18884922359113024 0.128125
0 0.6671799992822098 0.44765625 0.17048116950744613 0.1390625
0 0.8821130624363864 0.24375 0.16143355172143145 0.1484375
0 0.9574478791339424 0.27890625 0.07037204210278461 0.1359375
1 0.6197916225105203 0.328125 0.230292679126093 0.1515625
1 0.7972246525475872 0.3703125 0.21181549763774737 0.159375
1 0.8143798922959682 0.50546875 0.18212799763774754 0.159375
2 0.5401636646133048 0.1921875 0.19430061542376223 0.15
2 0.721321895376011 0.2171875 0.1836359339354164 0.1578125
2 0.6931373201561168 0.59921875 0.20534724282842376 0.153125
2 0.9339012186121707 0.528125 0.10055061542376223 0.15
2 0.9338789151614588 0.39453125 0.10965279691210768 0.1421875
3 0.4832960726031875 0.43359375 0.24032244355406326 0.1703125