2 0.8280770865484506 0.49048125744810733 0.1794521924256241 0.2364213052100677
2 0.4817590601084586 0.07796652646913269 0.14476812021691715 0.15593305293826537
2 0.3768766382690939 0.17077895699104131 0.16380901170746495 0.23256855913900915
3 0.572762351771957 0.39453101840636207 0.15766809601642037 0.2510274607105858
3 0.748038045081344 0.04997845947224066 0.15232609016268786 0.09995691894448132
2 0.48928275214129935 0.5523670971900783 0.16682492739850954 0.2139641083532208
0 0.714663505460949 0.33868977915972903 0.1824317466803503 0.21156685442427942
0 0.8322322796614458 0.26444529632323677 0.14180674668035032 0.20967471463952717
0 0.8719573341125637 0.11214774266110039 0.17005901170746504 0.22429548532220078
0 0.6066817920562818 0.06173790488134545 0.14148858411256365 0.1234758097626909
0 0.6739061743734475 0.1835142816409284 0.14162493949875793 0.17842471463952717
1 0.5388817345801019 0.21246553515558508 0.1589942466803503 0.21047523531769166
1 0.36976759933607006 0.03400251075336698 0.17078519867214012 0.06800502150673396
1 0.42092714099956846 0.35471515529563025 0.1435328731437835 0.237872489246633