3 0.31328125 0.82890625 0.08125 0.159375
3 0.20625 0.365625 0.08828125 0.13828125
3 0.46015625 0.384375 0.10390625 0.15234375
3 0.50859375 0.5265625 0.11328125 0.14296875
3 0.18828125 0.6484375 0.0953125 0.14375
4 0.1453125 0.95546875 0.290625 0.0890625
4 0.140625 0.66015625 0.28125 0.40859375
4 0.36875 0.85 0.3625 0.3
4 0.1828125 0.221875 0.365625 0.44375
7 0.35234375 0.19375 0.1375 0.30234375
7 0.44609375 0.1328125 0.28671875 0.26484375
7 0.18125 0.303125 0.3015625 0.41640625
7 0.48125 0.78671875 0.315625 0.4265625
5 0.63125 0.484375 0.2375 0.4328125
6 0.29296875 0.503125 0.5390625 0.3828125