2 0.146875 0.5171875 0.15 0.19765625
2 0.16328125 0.71875 0.15859375 0.21015625
2 0.34453125 0.94609375 0.1515625 0.1078125
2 0.48359375 0.95234375 0.1515625 0.0953125
2 0.57421875 0.70546875 0.14453125 0.171875
0 0.2484375 0.409375 0.1515625 0.21953125
0 0.41484375 0.6453125 0.1375 0.171875
0 0.52578125 0.553125 0.1421875 0.1953125
0 0.57265625 0.88828125 0.13984375 0.17890625
0 0.1734375 0.89921875 0.16796875 0.18359375
0 0.2265625 0.97265625 0.146875 0.0546875
3 0.390625 0.471875 0.165625 0.209375
1 0.28359375 0.6015625 0.14921875 0.2
1 0.2984375 0.815625 0.14140625 0.1921875
1 0.440625 0.83359375 0.1296875 0.1765625