3 0.5920208680951982 0.7691671453708327 0.13590231818121906 0.09375861621110389
3 0.37074015746246114 0.7239596149727586 0.14527731818121897 0.09419526385373889
3 0.36136160876300266 0.4554279387940762 0.16166597727182852 0.13867300992479753
3 0.08792765746246115 0.7371318188589189 0.15174550649282176 0.10698636228216234
3 0.18289964366603875 0.399625356700591 0.19157166558343128 0.15255572745980875
4 0.15755041070887205 0.7839297361462612 0.2926819724005646 0.3102655277074778
4 0.5609930105467162 0.738555000209397 0.5372422702892443 0.4574830918088857
7 0.4187236899298652 0.74048998945603 0.42212401055001153 0.3022433200972639
7 0.5864724772685334 0.5856825572814915 0.3378114659077429 0.21244876592065348
7 0.7600790679777004 0.4858344528572121 0.4798418640445991 0.3663829028099217
5 0.9502199626613319 0.4082059507902975 0.09956007467733627 0.32206339867609246
5 0.24438002921440263 0.9206249073625449 0.39927507142762986 0.15598475020488783
5 0.23002978814615166 0.45685350579096823 0.4512774967502938 0.4519179884180636
6 0.22721447970416525 0.5195354423087328 0.44264679058178363 0.40467911538253426