2 0.2828125 0.440625 0.15078125 0.171875
2 0.20078125 0.553125 0.18046875 0.1890625
2 0.378125 0.5578125 0.13359375 0.2109375
2 0.28203125 0.6609375 0.128125 0.20390625
2 0.378125 0.7515625 0.13046875 0.1828125
2 0.4921875 0.67265625 0.15234375 0.18671875
2 0.615625 0.75546875 0.16875 0.2015625
2 0.50703125 0.85078125 0.13125 0.18203125
1 0.1703125 0.72421875 0.1546875 0.1921875
1 0.40078125 0.91484375 0.1328125 0.1703125
1 0.4921875 0.5203125 0.12734375 0.21640625
0 0.27421875 0.88828125 0.115625 0.19765625
0 0.4828125 0.9765625 0.153125 0.046875