1 0.4526463441590966 0.45353149090377204 0.14869441882984216 0.20051803846084476
1 0.5567690081209701 0.5704578176205738 0.14389782467404083 0.19404971463952717
2 0.5388706217585321 0.7461491763880794 0.13117963636243815 0.18096751778268044
2 0.6607808035773131 0.8278999824267167 0.1375387305182393 0.18750861621110387
1 0.6893826850684871 0.4862197506236817 0.14710464529089187 0.19888276385373888
1 0.3489565081209701 0.5801368403656528 0.14546032467404083 0.19412248924663303
1 0.7459176883181933 0.9144859917323416 0.15174550649282176 0.10698636228216216
0 0.8050217272784191 0.7930797185729778 0.1408273717519414 0.19702916542531543
0 0.6956894119365739 0.6615643529810467 0.1404728157455871 0.17671666542531544
0 0.42122342573629157 0.8226646346174658 0.1311250892845374 0.17784251778268043
0 0.47061767938973953 0.9444818225829724 0.1230204886359143 0.07130141935425698
0 0.5965352970844913 0.9308109667109509 0.12798072402541755 0.08714474317557475
0 0.6591228461909868 0.8334415070338226 0.13586713636243813 0.18118584160399784