2 0.29765625 0.41796875 0.1515625 0.1875
2 0.209375 0.5359375 0.16328125 0.16796875
2 0.39765625 0.53046875 0.13671875 0.21015625
2 0.309375 0.64453125 0.14140625 0.2078125
2 0.53515625 0.659375 0.1578125 0.2046875
2 0.4125 0.746875 0.1484375 0.17421875
2 0.64375 0.73203125 0.13203125 0.2
2 0.54296875 0.8296875 0.14375 0.196875
2 0.26484375 0.65078125 0.3109375 0.1328125
1 0.52421875 0.49296875 0.146875 0.2
1 0.4234375 0.90625 0.146875 0.1875
1 0.1875 0.70546875 0.15234375 0.19921875
0 0.30234375 0.909375 0.15546875 0.178125