3 0.6159350969984704 0.23995365503671504 0.1502648271096728 0.10727848620028232
3 0.6108758555231824 0.529797405036715 0.16306483603812652 0.124684174511885
3 0.4651445698093674 0.6010702073896215 0.1695057508107789 0.13573076866768635
3 0.29643112053742077 0.24396859375205954 0.17227619480442452 0.1154728157455871
3 0.11145432833078406 0.41589596103977416 0.1804159772718285 0.13435918344033873
4 0.2813067268680868 0.17411845129889386 0.46230472564697545 0.3482369025977877
4 0.7688925016248531 0.21085894906842811 0.46065249675029385 0.42171789813685623
4 0.1087556168839728 0.44884482873452586 0.2175112337679456 0.40543534253094826
7 0.8111503652624151 0.37634730235949704 0.3219137305182393 0.18681380194586933
7 0.8600770146137918 0.48171091234361096 0.26814562256272045 0.3280194545436572
7 0.6695373839301014 0.2116826047124035 0.44624334902377 0.3295661379839959
5 0.47880110998411396 0.048449362419745935 0.42677278003177205 0.09689872483949187
5 0.4430298364484589 0.5256980604738766 0.5825274967502938 0.44128666233372515
6 0.4363549168045425 0.37117420170757864 0.48953324756107275 0.5724354764577544