3 0.41015625 0.41171875 0.178125 0.21796875
2 0.1453125 0.4453125 0.16484375 0.234375
2 0.1578125 0.6546875 0.1640625 0.21953125
2 0.33984375 0.92890625 0.1453125 0.1421875
2 0.47578125 0.94375 0.1609375 0.1125
2 0.58828125 0.65859375 0.1640625 0.19296875
0 0.2484375 0.33671875 0.16484375 0.2078125
0 0.53828125 0.4828125 0.17265625 0.22265625
0 0.42265625 0.60390625 0.14921875 0.2109375
0 0.57734375 0.83203125 0.1328125 0.2046875
0 0.60625 0.9546875 0.153125 0.090625
0 0.21015625 0.95703125 0.1484375 0.0859375
0 0.171875 0.846875 0.1546875 0.19453125
1 0.28828125 0.55234375 0.1484375 0.21171875
1 0.296875 0.75859375 0.16953125 0.203125
1 0.44609375 0.7859375 0.12890625 0.20625