2 0.33203125 0.4390625 0.16328125 0.17421875
2 0.28359375 0.58828125 0.13984375 0.20234375
2 0.40234375 0.5921875 0.11640625 0.175
2 0.29921875 0.746875 0.15703125 0.1734375
2 0.4484375 0.74921875 0.14609375 0.15546875
2 0.36875 0.88203125 0.1625 0.178125
2 0.6078125 0.8453125 0.1765625 0.16875
2 0.4984375 0.934375 0.140625 0.13125
0 0.1984375 0.4890625 0.128125 0.1703125
0 0.26328125 0.9421875 0.1515625 0.115625
0 0.55390625 0.684375 0.15546875 0.16953125
1 0.17890625 0.71015625 0.146875 0.21484375
1 0.50390625 0.53359375 0.1859375 0.20859375
1 0.38671875 0.9671875 0.1421875 0.065625