3 0.5984375 0.9182699847796819 0.165625 0.10339655773721575
3 0.80234375 0.9017062981315055 0.1609375 0.11249854195220052
3 0.5421875 0.7590461741998684 0.15625 0.12472552616718495
3 0.72265625 0.7399413164767699 0.1484375 0.12583299985882573
3 0.92890625 0.7310536219360857 0.1421875 0.11921897881213823
5 0.65703125 0.2523572874669875 0.490625 0.10982565216496062
5 0.146875 0.7148830054028462 0.29375 0.5702339891943076
6 0.51640625 0.4128915110174539 0.66875 0.27957525199555133
8 0.55078125 0.49917064526067323 0.54375 0.4457323310618035
4 0.91640625 0.3513129140294605 0.1671875 0.21286256299888784
4 0.9375 0.2688343429968906 0.125 0.15415542093374796
7 0.91328125 0.6436824245528042 0.1734375 0.15385158404557514
7 0.91796875 0.49262815876778865 0.1640625 0.282993052475544