5 0.27638639600898324 0.4470609492317744 0.5527727920179665 0.5746281015364512
5 0.028692940474020386 0.3732803697422752 0.05738588094804077 0.2815642605154496
7 0.11576884373939775 0.2305772133652686 0.2315376874787955 0.3232205732694628
7 0.1878794235989794 0.6669440812985215 0.3757588471979588 0.166111837402957
4 0.3511035875793119 0.5976574135015541 0.17333832939624544 0.27422315128862385
5 0.6910093688823231 0.377090449458917 0.6061955025318888 0.5214964574839165
8 0.7096700557281466 0.579645561399276 0.5467758293962455 0.2937941813646347
3 0.7759721567239384 0.44516101877165093 0.18712303248413759 0.13301829715018093
3 0.8504116176163787 0.6136000802824688 0.17327878729346083 0.1385313127540133
3 0.6265574553653268 0.592579330621153 0.17624009618646852 0.13400758706427282
3 0.7141913754209271 0.6511520692011923 0.1635218413771451 0.12710248982323477
3 0.7210812708817562 0.5431757948909327 0.1853968413771451 0.12824890999505117