5 0.28724759333843186 0.8359375 0.5510399431795714 0.328125
5 0.7023217995102374 0.44205984144397287 0.1183207207757114 0.5188703683170296
6 0.5480218575451866 0.544678065276788 0.2454480568138379 0.6480257892507773
8 0.46395082061355575 0.512465533777344 0.396718456165215 0.5506943048946186
3 0.21792525446093158 0.5020384550640278 0.11333757142762994 0.1439613735787013
3 0.056637152594492465 0.42786666574266324 0.10100121266133195 0.15260833148532651
3 0.221079707790068 0.3250587261107151 0.11807961850553061 0.1473593893637169
3 0.06427455438150134 0.23944120257436619 0.12325804220663672 0.17575740514873237
3 0.22387960511285 0.12776649715740257 0.12136825973923263 0.15691639988706055
4 0.4640136814117438 0.11365630745486732 0.24990236282348768 0.18781633134415215
4 0.6976074314117439 0.12726159407480878 0.11083986282348768 0.1797168630553576
7 0.355293246346552 0.1447859391378379 0.2543364926931041 0.2629983418674958
7 0.5955364168012472 0.13692574943530264 0.23794783360249455 0.2183382892507774