3 0.34375 0.55078125 0.14453125 0.19921875
3 0.484375 0.6328125 0.14140625 0.19375
2 0.3125 0.728125 0.13359375 0.17578125
2 0.4296875 0.79140625 0.128125 0.178125
2 0.1140625 0.91171875 0.140625 0.1765625
1 0.24140625 0.421875 0.1453125 0.1921875
1 0.2640625 0.8859375 0.13671875 0.1796875
1 0.45234375 0.43828125 0.140625 0.19375
1 0.628125 0.59375 0.13203125 0.18515625
1 0.19921875 0.9796875 0.1390625 0.040625
0 0.1125 0.74453125 0.1328125 0.171875
0 0.20859375 0.63125 0.13359375 0.17734375
0 0.390625 0.93203125 0.125 0.1359375
0 0.5453125 0.8421875 0.1265625 0.16796875
0 0.509375 0.95703125 0.125 0.0859375
0 0.6859375 0.928125 0.125 0.14375
0 0.65703125 0.778125 0.13125 0.16328125