2 0.43517637149346344 0.6526363496450296 0.17594539734428025 0.16861113466105593
2 0.5841133203619953 0.6958630160724327 0.20394313231716552 0.14771828130301118
2 0.5887104376520462 0.5769766068166057 0.17567268657189175 0.12173613466105593
2 0.7427979739527915 0.674699800285851 0.1743465359079618 0.16230657095872497
2 0.7460098532448949 0.5253992047323546 0.15710449375348395 0.15233137023308566
2 0.8783587449318345 0.6004487900342319 0.17907039734428026 0.16872026206571747
2 0.8430308198710159 0.362668537039007 0.16977721057599665 0.1824553798517325
2 0.9314569947354429 0.4689334060061482 0.13206813231716552 0.14520835099579193
0 0.4843991457921561 0.7844840611704422 0.17105790944452864 0.13407244355406328
0 0.9379013956939601 0.703816837494494 0.11650676483072289 0.1556002139724832
0 0.6817797024827692 0.4221948483790852 0.1696590359079618 0.1621428798517325
1 0.7053792663036609 0.796294547290626 0.21647949375348413 0.1544047909216582
1 0.5307075609922214 0.47746024565401274 0.2104567527304745 0.19324903611233477
1 0.9636195340612499 0.5795063182572002 0.06645222267624504 0.1444791754978958