1 0.5109918519673166 0.6792737341454881 0.2198560156438411 0.161720044486243
1 0.3031415546122699 0.6736471111412451 0.22436150512049746 0.15878604547482594
1 0.26246480475344425 0.5265147845632301 0.20690098933548198 0.15339820851668762
0 0.7239769703549331 0.7058349396592453 0.20377598933548208 0.15327087452429886
0 0.5542435100998206 0.4269180552862957 0.19734397881213822 0.14989120653952134
0 0.4459976415710297 0.5448788295065834 0.1988154735504665 0.14839237353571572
0 0.20633736014217297 0.39645721144525614 0.19211044724210719 0.14032520555093822
0 0.06829903384793118 0.37937182361226546 0.09983194198043532 0.1350063527754691
0 0.2167629808076897 0.8040296309129087 0.19623650512049745 0.15764003954332678
2 0.6180748518261423 0.8237002133852414 0.21378802616718495 0.16459037650146513
2 0.40637151237772073 0.8057009243733873 0.2104810156438411 0.16133804250907674
2 0.12278692570130958 0.6426238987074057 0.17841196828879458 0.14600220258518865
2 0.38456107067963413 0.37744859038099837 0.19596348933548188 0.15295253954332697
2 0.09469347582836649 0.5098578196579326 0.1382419945971538 0.15215936068413463
0 0.08888860978923714 0.7732173241065571 0.0958724840738101 0.14731535178688587
3 0.6395957231269433 0.5612665389746733 0.23097552616718495 0.16529071345960347