1 0.3796875 0.3546875 0.146875 0.159375
1 0.3453125 0.55078125 0.13671875 0.171875
1 0.15546875 0.73515625 0.1390625 0.18203125
1 0.50625 0.9578125 0.1375 0.084375
0 0.1828125 0.5453125 0.1328125 0.1734375
0 0.52265625 0.59765625 0.14140625 0.14453125
0 0.603125 0.70546875 0.12265625 0.1609375
0 0.21796875 0.9734375 0.1234375 0.053125
0 0.3203125 0.92734375 0.115625 0.1453125
0 0.209375 0.87421875 0.12421875 0.15703125
0 0.45859375 0.478125 0.13125 0.184375
2 0.2609375 0.42578125 0.13203125 0.1734375
2 0.2703125 0.67109375 0.12578125 0.14765625
2 0.41484375 0.675 0.12734375 0.15234375
2 0.50390625 0.778125 0.15078125 0.15390625
2 0.67578125 0.81796875 0.12265625 0.16328125
2 0.61484375 0.925 0.1265625 0.15
2 0.33984375 0.79609375 0.14296875 0.16875
2 0.43046875 0.88671875 0.11953125 0.16640625