1 0.671875 0.468774892002268 0.1328125 0.2030754146981227
1 0.84375 0.23649564925866215 0.14375 0.1956448606144387
0 0.8390625 0.4988319581516696 0.153125 0.18972224282842393
0 0.57421875 0.5825521606065895 0.1296875 0.195153787293461
0 0.49765625 0.4322222891923776 0.1671875 0.20271331614940155
0 0.43203125 0.28461811369448164 0.14375 0.1800198606144387
0 0.71015625 0.06854920270937397 0.1328125 0.09213791469812276
0 0.8 0.11074911559339817 0.14375 0.1706448606144387
1 0.68046875 0.4698562423650877 0.13125 0.18583335099579196
2 0.75625 0.3560963319281342 0.1421875 0.15809029691210794
2 0.7484375 0.60660476341648 0.121875 0.17300596878180663
2 0.60234375 0.34525305724854494 0.128125 0.17947422359113013
2 0.6859375 0.22473471532324574 0.1375 0.17042660580511537
2 0.53984375 0.2157267591553107 0.11875 0.182271841377145
2 0.39921875 0.12409727594553369 0.11875 0.18383434137714505
2 0.48046875 0.05662208846673818 0.1296875 0.08421628729346105
2 0.61171875 0.10417418946253006 0.1234375 0.16993553248413762