5 0.7030204529568655 0.8063005132715109 0.5548599623907631 0.35034478167184274
5 0.2930032245979709 0.38914743574209365 0.1242872269722394 0.5169566897336074
6 0.44600254097444925 0.4944994861226545 0.2528334272888085 0.6439250494291586
8 0.5303919128403461 0.46374955182625455 0.4028668680384662 0.543914415056209
3 0.7763720025737895 0.45762824992563794 0.11493834138279588 0.14202035672980173
3 0.9384150129986306 0.38625863281571277 0.10271112602253182 0.1508860207602467
3 0.7752821786754638 0.2805391679104155 0.11971676959604131 0.14533635771838496
3 0.9329786698999751 0.1976418017890735 0.12522262351524951 0.17365235870696813
3 0.774783388163233 0.08313758589519303 0.12311455423577726 0.15483869171077375
4 0.5349767420824412 0.07828287300424312 0.2519215158351177 0.15656574600848625
4 0.3013829920824412 0.08162539030444868 0.11285901583511766 0.16325078060889736
7 0.6432606035234969 0.11358636163553662 0.25722879295300627 0.22717272327107324
7 0.40327210101621436 0.09645455285201879 0.24033079796757129 0.19290910570403758