1 0.39470731515756996 0.6607835800752372 0.1505844943004168 0.1653596976422728
1 0.3557681824644101 0.4632891561589605 0.1415004350298613 0.17747769566510652
1 0.1616330567051044 0.271178616121342 0.14328114057694458 0.1869163626613008
1 0.5072319249618751 0.06281560676698285 0.13946384992375016 0.08997769566510645
0 0.19339546903354204 0.46213653855474385 0.13684930262104184 0.17884919467652338
0 0.5320209047289934 0.4236403602270239 0.1439708183886113 0.14948002965749527
0 0.6099802909375349 0.3191067105310351 0.12562086189159735 0.16590352570316255
0 0.21858699905006945 0.03544404596911761 0.12467399810013893 0.05815469269935693
0 0.3220035929898959 0.08570798421985025 0.11900718597979179 0.15002385771838497
0 0.21230259109003483 0.13431262749004844 0.12863675911805572 0.1613433596955513
0 0.470740525454306 0.540561263383054 0.13554137575930572 0.18972302768032884
2 0.27430258975885463 0.5848511383644635 0.13528680262104179 0.17878552768032882
2 0.2779678779435072 0.3399206403416297 0.12841855357097237 0.1519683596955513
2 0.42240820896555586 0.3419035874896109 0.13168902393569457 0.15834569368794008
2 0.5090704479476391 0.24240760627269128 0.15356402393569457 0.15923703163466155
2 0.6800180743725349 0.2095672258540743 0.12565722948277802 0.16746602570316255
2 0.6165893943766667 0.10005296300249304 0.13005378875333343 0.15515702669174575
2 0.3445897206490627 0.21775382167228013 0.14767769984750015 0.17460736364988402
2 0.4331054003605904 0.13082150745155485 0.122604964665139 0.17046369171077372