1 0.5142297037482885 0.5220042702958347 0.14782504922121245 0.19623189204448083
1 0.34598347209068847 0.3734554963498473 0.13808633636823098 0.1835682508107789
1 0.7088124295333935 0.4631672382354678 0.14617162100796718 0.19307961850553051
1 0.7814940409079423 0.03908049634984732 0.14013691818411544 0.07816099269969463
0 0.8407206252311091 0.14305751542786607 0.14093855172849495 0.17424779788867956
0 0.7573278005413607 0.27179221591433345 0.13468855172849495 0.17413870373287824
3 0.6279752696625482 0.31621614610826126 0.1526034774344577 0.19943871266133195
3 0.4862053068095669 0.3311844013832671 0.1430920851145899 0.19458757142762995
2 0.693791800937072 0.12063486485867321 0.13634197994174038 0.17729097727182852
2 0.5691722341648824 0.16341447443575005 0.1347794799417404 0.17726370373287823
0 0.6332611293877444 0.033303829141562956 0.13035274122451135 0.06660765828312591
0 0.5085566460807918 0.024211247160626215 0.12351170783841656 0.04842249432125243
0 0.44418660603077936 0.13826624432125242 0.1347794799417404 0.17726370373287823