2 0.7512870432845477 0.35497981138500484 0.15879538669636234 0.21965903590796182
2 0.7557632685789587 0.6416531095896068 0.164627216024817 0.18375789734428025
2 0.5819803232415952 0.6723496394474443 0.1522544853596351 0.19462267447164336
2 0.6586326352244141 0.7984576214934634 0.141353348026726 0.197684041958086
2 0.5069519565563687 0.8094956363241863 0.1461135733609078 0.20396131303532491
2 0.5853304005410968 0.9215320280111257 0.13143290802036275 0.15075449980360817
2 0.3394366452100966 0.9057762595661657 0.16777039735836247 0.1853385780624393
2 0.4496378012015061 0.9684120940715129 0.1725477093411815 0.0588124394987581
0 0.852212649268003 0.47625939286528984 0.16192038669636233 0.21967721662612102
0 0.803317331874642 0.9187014229195192 0.1424067706874535 0.15394313231716553
0 0.7059514358689152 0.9614525251824555 0.13517497867599956 0.06953177088084708
0 0.5189916166056847 0.44616893452878825 0.13988175469445316 0.2054874515990063
0 0.44325472525463994 0.5770694765850701 0.15992153469127146 0.18216812626704132
0 0.3736587459023227 0.7173086572050333 0.14633174936345322 0.22271131303532493
1 0.6147415632956836 0.2737485129840112 0.18741128270208912 0.2620101623713949
1 0.6496689045990032 0.4946240943661004 0.16835220003181667 0.23533857806243946
1 0.8536275092298229 0.757482121788051 0.1694419853596351 0.19472266842151917