3 0.383221144956548 0.4343803230491877 0.22461050992479753 0.1631660219140972
2 0.46645113771783764 0.158263882301953 0.21672523531769167 0.1614671542193456
2 0.6596531741117678 0.2069855746707455 0.2052783130679506 0.1503387394466932
2 0.9032447005809005 0.41609138798070056 0.16309081306795079 0.14960235389503396
2 0.9099398486378204 0.5577294630617784 0.13616444003242129 0.14132620373287813
2 0.6167655833363395 0.6409651083559655 0.19724748924663302 0.1455148717519414
0 0.4456932580672798 0.5871564955324778 0.19888276385373888 0.14710464529089187
0 0.5764060647250896 0.46668212864850506 0.19092471463952715 0.14384327759614007
0 0.8471167868082148 0.2110396493447863 0.19761136228216217 0.1533273717519415
0 0.9520354191493692 0.29184141030183497 0.07700776385373871 0.14497730925276536
1 0.5345546666681698 0.3244303989410445 0.21636136228216235 0.1536546542193456
1 0.7343876927230177 0.3818685722351135 0.21479886228216216 0.15362738068039522
1 0.7435892566195378 0.536842444394092 0.21309081306795044 0.15047510714144502