3 0.25078125 0.3796875 0.1046875 0.1484375
3 0.540625 0.3796875 0.12109375 0.1609375
3 0.609375 0.52421875 0.1328125 0.1671875
3 0.24921875 0.69921875 0.11328125 0.1703125
3 0.41796875 0.88125 0.13125 0.17734375
4 0.17578125 0.715625 0.346875 0.45703125
4 0.215625 0.22734375 0.43046875 0.45390625
4 0.45078125 0.8890625 0.4015625 0.221875
7 0.390625 0.18203125 0.18046875 0.31875
7 0.496875 0.13125 0.3234375 0.26171875
7 0.2234375 0.3265625 0.32265625 0.440625
5 0.05078125 0.5203125 0.1015625 0.42421875
5 0.53359375 0.54765625 0.43203125 0.57578125
6 0.37890625 0.55703125 0.5640625 0.4796875