3 0.5846900355641805 0.4349572036109529 0.16712304573098144 0.22836903361182798
2 0.8606374658714 0.5179739279449714 0.1618899087076727 0.21255303262324468
2 0.8264237008952755 0.6999123360439172 0.15843752649368775 0.20305069863085592
2 0.3914212183184706 0.6642441611018765 0.1504067716843644 0.19648236364988386
2 0.48508197139851356 0.9452673735357158 0.14655259618646851 0.10946525292856854
2 0.6259971480775357 0.9340698883644635 0.14909724282842376 0.1318602232710731
0 0.8494048770261436 0.8888620895039583 0.15353177168436433 0.19660969764227296
0 0.7684673902729875 0.9673399861970167 0.15478175843752062 0.06532002760596675
0 0.5602332165043722 0.6282151136870651 0.14561014427970279 0.19316636266130088
0 0.4356920295737307 0.5022190049800969 0.1442658990890262 0.19935269566510633
1 0.7014013643274538 0.5824781438388518 0.163779790921658 0.22199169961943924
1 0.6546429593327959 0.7849691324701453 0.1604365361123346 0.21561436562705047
1 0.5028994100584354 0.7959491003411923 0.1604365361123346 0.2156143656270503