3 0.046875 0.5984375 0.09375 0.165625
3 0.0515625 0.80234375 0.103125 0.1609375
3 0.209375 0.5421875 0.115625 0.15625
3 0.21796875 0.72265625 0.1171875 0.1484375
3 0.21484375 0.92890625 0.1109375 0.1421875
5 0.709375 0.65703125 0.08203125 0.490625
5 0.2765625 0.146875 0.553125 0.29375
6 0.55703125 0.51640625 0.24140625 0.66953125
8 0.46875 0.55078125 0.4140625 0.54296875
4 0.5953125 0.91640625 0.203125 0.1671875
4 0.6765625 0.9375 0.146875 0.125
7 0.303125 0.91328125 0.14375 0.1734375
7 0.45390625 0.91796875 0.2734375 0.1640625