1 0.4605406647759477 0.4839517319868043 0.196231892044481 0.14782504922121245
1 0.6090894387219351 0.6610180003292043 0.1835682508107789 0.1380863363682309
1 0.5193776968363146 0.2925969577719095 0.1930796185055307 0.1461716210079671
1 0.9508964780859028 0.2449660691464582 0.09302507142762977 0.14013691818411553
0 0.8394874196439164 0.17919265346962512 0.17424779788867967 0.1409385517284949
0 0.7107527191574491 0.25517482877987663 0.17413870373287815 0.13468855172849495
3 0.6663287889635211 0.38207229790106423 0.19943871266133203 0.15260347743445787
3 0.6513605336885153 0.5231148350480828 0.19458757142762995 0.14309208511458973
2 0.8619100702131093 0.32757632917558804 0.1772909772718286 0.1363419799417403
2 0.8191304606360325 0.4498317624033984 0.17726370373287814 0.1347794799417404
0 0.9553367418856205 0.3936081576262603 0.07879893019392803 0.13035274122451135
0 0.9633111087695931 0.5189036743193076 0.05837733603812652 0.12351170783841656
0 0.8442786907505301 0.5764086342692952 0.1772637037328785 0.1347794799417404