3 0.4296875 0.41171875 0.15859375 0.22109375
2 0.15625 0.48359375 0.1546875 0.20546875
2 0.196875 0.6671875 0.1515625 0.19765625
2 0.63125 0.64921875 0.14375 0.19140625
2 0.54765625 0.9375 0.1421875 0.125
2 0.40625 0.9234375 0.14375 0.153125
0 0.18046875 0.85546875 0.146875 0.19140625
0 0.26484375 0.95390625 0.1515625 0.0921875
0 0.4609375 0.60625 0.1390625 0.18828125
0 0.58125 0.48515625 0.1375 0.19453125
1 0.31796875 0.5546875 0.15625 0.21484375
1 0.371875 0.759375 0.153125 0.209375
1 0.52421875 0.7765625 0.15234375 0.20859375