0 0.6984375 0.7118758905085891 0.13125 0.18201359016268787
0 0.43828125 0.5806748457218328 0.128125 0.17887040944452864
0 0.41953125 0.27119076141287735 0.125 0.1647897287263694
0 0.41640625 0.07117258069471813 0.1234375 0.1382181383672898
0 0.75078125 0.08718041753775632 0.1265625 0.16636131908544902
0 0.7875 0.2405190409761273 0.1328125 0.17577268052176756
0 0.53984375 0.48985946906200795 0.121875 0.1725840480082102
1 0.6734375 0.02579294476331524 0.134375 0.04453177088084712
2 0.80078125 0.6148150590283041 0.140625 0.18831813231716552
2 0.8 0.4304355138487643 0.1390625 0.178934041958086
2 0.64453125 0.1717185231203423 0.13125 0.1820135901626879
2 0.5359375 0.04452424316430888 0.125 0.08353972872636942
2 0.33359375 0.16522204166349838 0.125 0.16635222872636946
2 0.509375 0.1584322070599554 0.125 0.1632272287263694
2 0.38203125 0.43112884279496655 0.1328125 0.17108518052176755
1 0.6703125 0.521087264045156 0.134375 0.19140677088084707
1 0.678125 0.3414452158405541 0.1328125 0.18671018052176755
1 0.55 0.3172623063960255 0.140625 0.17581813231716553
3 0.56171875 0.6665492340891225 0.14375 0.20083631303532493