4 0.7624528424325674 0.17323154702625154 0.4750943151348652 0.34017256556940756
5 0.12008771402035463 0.4077584787263694 0.24017542804070927 0.39364195745273883
7 0.07035092555950989 0.6200084938516799 0.14070185111901978 0.23689198770335979
4 0.05619207216868773 0.7121369065176625 0.11238414433737547 0.07739881303532492
4 0.08134181369163233 0.5521851895969538 0.13002575599585603 0.1757090480082102
8 0.4184287448327135 0.47912598126045225 0.5214642009906761 0.39667709562363707
6 0.46159223987031484 0.5590861920328407 0.6748331418516671 0.23511340260883742
5 0.3293704371414464 0.6966356681269315 0.5051669971045158 0.11384641490547764
3 0.44477088275543897 0.23233733967170855 0.14259422249741008 0.1101749515990064
3 0.39083901571576574 0.06479077048806367 0.15894696856846852 0.12589085518980253
3 0.2694433970234626 0.23835046945479138 0.15218754631872758 0.11491699375348405
3 0.07475809739496612 0.22391928903121974 0.14951619478993225 0.09149767447164328
3 0.19895973076957763 0.0738334515008105 0.1619264193542569 0.12278403590796179