3 0.5300397410991433 0.4201758268678265 0.13743056733052797 0.09140991316955045
4 0.32242568165798174 0.6334583915284452 0.410654790921658 0.2273547395086517
4 0.9385243305773718 0.5338181603995708 0.12295133884525633 0.38208037727617317
3 0.7331002537130151 0.3900240109535667 0.05448909255827132 0.04060827962517113
7 0.806570013964634 0.5231798402621687 0.18353178493120836 0.29410901583511767
7 0.8798189639724834 0.3198298682379872 0.24036207205503324 0.2353537929530063
7 0.32867315934064517 0.31967703635559575 0.5089584039831676 0.5392757294795218
6 0.6389906443645208 0.4944280176174843 0.40721236550858003 0.4863660266556703
5 0.6495535998146655 0.19225175217807805 0.3783184952754947 0.32943406505633005
5 0.8820510973675948 0.2392247259181192 0.2358978052648105 0.35539350831327027
5 0.8951662001774853 0.5233951374383171 0.2096675996450294 0.22685933135366607