3 0.6963639474458585 0.8129226936761451 0.0831044960216353 0.16126611474138883
3 0.798004432049634 0.3471502636802771 0.08909995735199913 0.13953658510611114
3 0.5443163580521795 0.3718099972471176 0.1049067706874535 0.1555252610179167
3 0.49753335940481486 0.5151248925737149 0.11417268268618094 0.14636846656499997
3 0.8192640034213596 0.6295445363817007 0.09698518268618095 0.1459684230620141
4 0.8599873587284972 0.9355756776242353 0.28002528254300574 0.09582687195958357
4 0.8620249293642486 0.6401540748506938 0.27595014127150286 0.4159211664125003
4 0.641140645448722 0.835307493163055 0.36599081604072536 0.30843728115388913
4 0.8171875 0.21449237899034695 0.365625 0.4289847579806939
7 0.6499107353596352 0.17867563345565918 0.14102717870781625 0.306325348023889
7 0.5554516633513629 0.12803925365755192 0.29059082670272574 0.25607850731510384
7 0.8222771787078162 0.2840683822213882 0.3063987347230885 0.42264394509784753
7 0.5279043014401315 0.7746447097280551 0.3205885040579064 0.4339087534184724
5 0.3743862133990879 0.47579224848138857 0.24253622939208822 0.43834037385944474
6 0.7128856394016332 0.48666866499079803 0.543516926718634 0.39535931895729204