0 0.2738378839235108 0.7405805899662962 0.16926028896022585 0.11972266842151917
0 0.3883059383083074 0.49595895725634714 0.16451824188232517 0.11657039734428025
0 0.7081367917963044 0.8282548694313503 0.16462733603812651 0.12282039734428025
0 0.8536305239393969 0.7947298180052945 0.1615568831160271 0.12592721662612122
0 0.9403637215897855 0.38982921544777066 0.11927255682042884 0.11322722872636941
0 0.8785491087630026 0.47693833000734714 0.15511596834337488 0.1149533551898024
0 0.6770684293798537 0.4804531736860763 0.15522506249917623 0.12120335518980241
0 0.47672928449270363 0.5941197221852659 0.15676028896022592 0.11964994554888211
2 0.36927884333843186 0.8380010115110732 0.17570120373287815 0.1306965298578376
2 0.5371657727215808 0.8342907251121321 0.17413870373287815 0.1306874394987581
2 0.7768441071381496 0.6919497307694729 0.16769778896022594 0.11971357806243947
2 0.781652563713697 0.5646468873853312 0.1599398360381265 0.12279312626704134
2 0.9233183177741819 0.5897201311388153 0.15336336445163604 0.12282039734428025
2 0.9764199983751469 0.49784624852706205 0.04716000324970615 0.12219316256778665
2 0.7731564508902091 0.3911775711285525 0.161529609577077 0.12436471662612103
2 0.5288121615229462 0.4452191347530525 0.1646818831160271 0.12594539734428026
3 0.3122264537295829 0.6126919393023662 0.18354097727182853 0.13230448165323558
1 0.44762025730030536 0.7165941650036736 0.18348643019392785 0.1291794816532356
1 0.6188776485340075 0.7269645593228917 0.17093188311602708 0.1259817587805987
1 0.6353912183400795 0.5989486436318471 0.17085006249917623 0.1212942587805987
1 0.9440223299490466 0.7257712606273105 0.11195534010190684 0.1257181383672897