2 0.46090116069275294 0.1695183279360484 0.23849959983059071 0.18077947469763492
2 0.8822862531249461 0.5081321012094603 0.18337248407380996 0.14578630935708983
2 0.7753621479620962 0.6147735472231414 0.23446454721387228 0.16511811203054413
3 0.5538798030402414 0.4229513159214127 0.25285052616718495 0.15908628803308938
3 0.9196776502399964 0.241471312539824 0.14007751038216937 0.15308973201781742
2 0.3950592689099617 0.5091171772756391 0.21589655773721592 0.1680249360279987
0 0.6113800318523797 0.28019110391473123 0.21368161035393457 0.1836135733609078
0 0.6870009291086043 0.16142237523873165 0.21131547355046648 0.1429885733609078
0 0.8440545659120724 0.11899742321773261 0.2348285682605596 0.17136811203054406
0 0.902847924058694 0.38297755987432397 0.15662797355046648 0.1423522266868172
0 0.7660906476797475 0.318207629893414 0.18006547355046632 0.14262494668999892
1 0.7355624425451326 0.4536275092298229 0.2123165314288567 0.1601760733609078
1 0.922654376915409 0.6193054112030969 0.09116957352223168 0.17125792934436318
1 0.5919272926580721 0.5739683759150493 0.23953147881213824 0.14487833736472594