0 0.125 0.425 0.14375 0.20625
1 0.3671875 0.3921875 0.146875 0.19921875
1 0.2859375 0.846875 0.13125 0.190625
1 0.1515625 0.890625 0.14453125 0.20390625
1 0.41875 0.5875 0.1296875 0.21953125
0 0.1671875 0.63984375 0.14140625 0.1953125
0 0.38515625 0.9203125 0.1140625 0.159375
0 0.52109375 0.9125 0.125 0.140625
0 0.55625 0.7671875 0.11953125 0.146875
2 0.07265625 0.7796875 0.1296875 0.19921875
2 0.53828125 0.4515625 0.12578125 0.19609375
2 0.665625 0.7015625 0.1203125 0.17265625
2 0.63125 0.97109375 0.115625 0.0578125
2 0.3484375 0.70546875 0.12578125 0.16015625
2 0.434375 0.80546875 0.11875 0.14765625
2 0.2921875 0.9796875 0.13125 0.040625
3 0.2859375 0.5359375 0.146875 0.21015625
3 0.53828125 0.6203125 0.1359375 0.17265625
1 0.6546875 0.53984375 0.12734375 0.19765625
0 0.69296875 0.88046875 0.1140625 0.17890625