1 0.3015625 0.5296875 0.153125 0.2109375
1 0.315625 0.73671875 0.15078125 0.215625
1 0.4640625 0.76875 0.14453125 0.1984375
0 0.26640625 0.31875 0.1453125 0.1953125
0 0.5515625 0.471875 0.1421875 0.1890625
0 0.43828125 0.58671875 0.13984375 0.18984375
0 0.59609375 0.8171875 0.1328125 0.18359375
0 0.61875 0.95390625 0.13125 0.0921875
0 0.1890625 0.83046875 0.14921875 0.1875
2 0.153125 0.43125 0.15546875 0.2046875
2 0.1796875 0.64140625 0.15234375 0.2015625
2 0.35390625 0.91484375 0.1390625 0.1703125
2 0.6078125 0.63828125 0.1453125 0.1875
2 0.4875 0.93515625 0.146875 0.1296875
0 0.225 0.95625 0.14375 0.0875
3 0.4140625 0.39453125 0.15546875 0.22109375