1 0.5171317262214636 0.2721832110315713 0.19077916542531542 0.1482386208772782
1 0.5198093083149489 0.4488899241998684 0.19546666542531543 0.1485116366622936
1 0.37557550310488114 0.6349323819653192 0.19546666542531543 0.14851163666229378
1 0.06708899255640191 0.302018255332259 0.13417798511280382 0.142838489335482
0 0.2579108916467791 0.15015410551578567 0.17493584160399783 0.14264106826055972
0 0.3591223271310865 0.23541750035293588 0.17457196856846852 0.13482856826055975
0 0.1387518992997742 0.5840579396319481 0.18238446856846863 0.13528359456891897
0 0.03374564557572054 0.4217616079348601 0.06749129115144108 0.12835178413027978
0 0.030871048595039176 0.54441785793486 0.06174209719007835 0.12678928413027996
3 0.34834953122664364 0.5001702450912641 0.18438361621110372 0.14474959983059071
3 0.36004051013419447 0.3662579766754125 0.1906336162111038 0.14511362087727822
2 0.19296432609762915 0.3401490449359722 0.1747175177826803 0.13795356826055966
2 0.1917934702256076 0.46565727915095667 0.1759889193542569 0.1317945735222315
2 0.010845338917910737 0.6680751658132504 0.021690677835821473 0.1263496683734992
2 0.09132270512901447 0.1637524158838376 0.16846751778268032 0.13758954721387232