3 0.20390625 0.421875 0.08828125 0.13515625
3 0.259375 0.6421875 0.08671875 0.14296875
3 0.528125 0.646875 0.13125 0.15859375
3 0.259375 0.925 0.1 0.15
3 0.5921875 0.82421875 0.14296875 0.1890625
4 0.209375 0.85625 0.296875 0.2875
4 0.2359375 0.45234375 0.4328125 0.5296875
7 0.240625 0.59453125 0.2828125 0.4171875
7 0.3875 0.42421875 0.19609375 0.33515625
7 0.47890625 0.24296875 0.34453125 0.4859375
5 0.54765625 0.05234375 0.31796875 0.1046875
5 0.06875 0.771875 0.1375 0.39609375
5 0.5328125 0.778125 0.43125 0.44375
6 0.4703125 0.78203125 0.384375 0.4359375