3 0.8227916084715547 0.2573367921773993 0.17358591567683312 0.12142569990914298
3 0.507121144364932 0.2723154975136092 0.17009720282385157 0.10876192559888347
3 0.2456547954602888 0.21403376526514797 0.15759720282385156 0.10810682835784542
3 0.4882253580093364 0.5909769663059448 0.20133048244902269 0.16344278154634875
3 0.6938365120076868 0.6388844425615121 0.21061455423577727 0.1608091044771273
4 0.7966309590920577 0.1997256880389563 0.40673808181588456 0.323016934643995
4 0.2938937186589692 0.2584521506112554 0.5685995166265404 0.5071949400710618
7 0.4346096468722146 0.25420730664957775 0.49346782132453626 0.3378850180902231
7 0.23913332548117133 0.420157612506186 0.3848991518867795 0.25262919154139996
7 0.16319661427754253 0.5532401074178033 0.3047523138026888 0.39351978516439345
5 0.640622651491068 0.06945492763504837 0.4406203029821361 0.13890985527009675
5 0.7170380504748537 0.520512900838398 0.5659238990502926 0.41459136024287846
6 0.7104512497688908 0.4960861109243063 0.5790975004622183 0.4646732473980082