1 0.4471164115867049 0.48572843939826427 0.15095004922121244 0.1971321859797918
1 0.5498202112701358 0.6100764355985422 0.14608069279472174 0.19077308320625014
2 0.5298844813283955 0.7847309434823269 0.13321697994174037 0.17798214247680572
2 0.6507759913575254 0.8751039831855909 0.13964883636823106 0.18437761284152784
1 0.68334341660127 0.535006313257709 0.1493420851145899 0.19553331838861113
1 0.34200771127013574 0.6052395459715281 0.14764319279472177 0.19080945079743064
1 0.7348578231734099 0.9580008700597226 0.15290970282385175 0.08399825988055483
0 0.7953443452767337 0.850324801574202 0.1430466210079672 0.19382534802388918
0 0.6876037046062182 0.7110057688047923 0.14245558762187222 0.173512848023889
0 0.41140961447706353 0.8531153079393754 0.13312605172849495 0.17485714247680556
0 0.4593577180005604 0.9721516761961461 0.12378449247815251 0.055696647607707914
0 0.5853662885336737 0.965775696047778 0.1289266335443795 0.068448607904444
0 0.6490543669843459 0.8805363655944103 0.13790447994174038 0.1780912452503472