3 0.3841737779228479 0.8788969101132931 0.06918902393569457 0.15579901384016423
6 0.32773606107350745 0.5667351497331699 0.582056619109792 0.3936782876033417
5 0.547908316391841 0.8236642875661605 0.35385888392743076 0.35267142486767894
5 0.6573677032659726 0.5107013029263808 0.21661476348645864 0.45371654349765966
7 0.1669401121759378 0.3650559501137307 0.2744259570656947 0.3889483893530466
7 0.5639014586812154 0.15020020163378653 0.34927787385944453 0.2515067391627661
4 0.09887652393569457 0.1570086867678579 0.19775304787138914 0.3140173735357158
4 0.2317260447372571 0.19754479794628393 0.3134520894745142 0.38897756425790636
4 0.3300732789696877 0.23121148520843343 0.2923044412981254 0.41933622631118483
4 0.44925391726552155 0.8791529422050652 0.3792926821800696 0.24169411558986945
4 0.17428701880479228 0.7142428666156335 0.3257351903481948 0.44723573323126703