2 0.519751212661332 0.14988390885535346 0.19949325973923263 0.15114538524403182
2 0.7216000848203106 0.16746281517662415 0.21215690097293455 0.16059310811666877
2 0.9484392743497292 0.35003546242270855 0.10312145130054162 0.1521897347764936
2 0.9559029468330195 0.489134323859027 0.08819410633396103 0.1521170119038567
2 0.7154917755642499 0.5783230471244474 0.17438416558343128 0.14474993949875792
0 0.4137114926931041 0.25081917407885984 0.2213955332781829 0.1528351502711464
0 0.6525536245913153 0.4185980682998821 0.17427507142762994 0.1384999394987581
0 0.5623025458567894 0.5289992371141847 0.197794392044481 0.14332379488495217
0 0.8982770020252996 0.5778241191367627 0.1805796185055307 0.14166130093507653
0 0.9022461128234877 0.17866900165032 0.187320542206637 0.1698226623713949
0 0.9739926534085667 0.23222124852706205 0.052014693182866625 0.14719316256778664
3 0.478693384737585 0.3933702884420446 0.21226599512873606 0.16684310811666875
1 0.6065126473194867 0.2870935382456528 0.2026182597392328 0.1511635659621911
1 0.8208342459395149 0.30318266743956046 0.1946421185055307 0.14174311416679294
1 0.8412848879839959 0.44547470656897603 0.17882620373287814 0.13071471057599685