3 0.5267035719287305 0.5156997232179341 0.1967670066836355 0.12840919236879245
3 0.49823367393382123 0.47870428368851536 0.1384817920114539 0.08677507142762994
3 0.9067841599697741 0.2067830503309021 0.16057496801399934 0.10590690097293472
3 0.6659591653007743 0.22817067532925445 0.18608404535327167 0.15009327759614005
4 0.09065117731540992 0.40464086120193 0.18130235463081984 0.28759327759614006
4 0.2065172465786404 0.6447010251638033 0.1929885733609078 0.2064523717519414
4 0.9110143899188674 0.5816330458666753 0.1675714973742707 0.3044262215897856
7 0.9211155485757769 0.6533171310940229 0.14406017735518084 0.1634193920444808
5 0.8522950126114116 0.3920717138857385 0.2933009400859053 0.6378035576279122
6 0.43359375 0.3125 0.8671875 0.625
8 0.47364165925368545 0.5783321367727705 0.5725498987109979 0.3364900681779236