3 0.5407791465430101 0.37582935473932677 0.20418269780928675 0.15539867349399666
3 0.6187186269469689 0.5212321309770989 0.19784176959604133 0.1519096524473092
2 0.7190321786754639 0.3549084519390817 0.17890991316955063 0.14456758930724706
2 0.7789036206787626 0.4757816650367916 0.18185305674305993 0.13849959983059074
2 0.9083998702165443 0.16716407018552393 0.1806542695960413 0.1509085945689189
1 0.41485079552679577 0.26597767065139927 0.19641566191590928 0.15650614718563743
1 0.8782540659807669 0.3156624833679384 0.18368834138279588 0.14796560509226264
1 0.4251193911327338 0.47787072589895363 0.19784176959604133 0.1519096524473092
1 0.5754734291376822 0.6627069994353026 0.18819398495630538 0.1419886208772782
1 0.9738908264056082 0.25627904906824933 0.0446713054894186 0.14142863680346807
0 0.7412578343231669 0.1558640071866361 0.1757394490629279 0.1428230787839034
0 0.6251805417658721 0.24535987571542703 0.18203491316955045 0.14474959983059071
0 0.9206652233443297 0.4449096385872579 0.1395746285298145 0.1329174577654509
0 0.8263205267886843 0.5943643360411267 0.17243259263643723 0.13639106826055958
0 0.942209951241006 0.5651157227740076 0.0895746285298145 0.13000528939195172
0 0.908166257192643 0.7399946254330784 0.1473871285298145 0.13337248407380997
0 0.7590073431651626 0.7023518703125808 0.1663189849563052 0.14071454721387228