3 0.5577061951594445 0.4688001652610033 0.20186347241038013 0.12727266669318063
3 0.5307652368825586 0.5066365199315941 0.14192190637700666 0.08597495735199914
3 0.9338415699901024 0.7667622138765512 0.13231686001979526 0.10654199602163547
3 0.7085881009706243 0.7523746392425495 0.19207239258219672 0.14902039735836253
4 0.12330461894930571 0.5926773013208188 0.19927846223361484 0.28652039735836254
4 0.23248710990419416 0.3490716573042741 0.20127033016686777 0.20534312269254426
4 0.924560665987945 0.3916622165420512 0.15087866802411015 0.30347154002227167
7 0.9354572224103801 0.3196599472072331 0.12908555517923972 0.1625920013526355
5 0.8642782632289829 0.5829962885503235 0.271443473542034 0.6361396840388164
6 0.4696240982570908 0.6824546799411391 0.8999423620519007 0.635090640117722
8 0.5021279025318194 0.4076904899347758 0.5858644154221182 0.333180505410542