2 0.6705231409013725 0.41962659441880384 0.16351812021691714 0.17972826708875883
2 0.719828770193476 0.5674359571135007 0.14180674668035032 0.20721676959604132
2 0.6011014960911751 0.5747974792168244 0.11664312021691714 0.17836434389007838
2 0.7051264416400572 0.7264843481797275 0.15725902985783763 0.17798391066226812
2 0.5559213271786767 0.7331699203621935 0.1477840359079618 0.16052362602253217
2 0.6363815077004442 0.8636637509244368 0.16353630093507654 0.182853267088759
2 0.3971053842620732 0.8339010092377069 0.1775442587805987 0.17388744404836273
2 0.5069985347296114 0.9197810217741192 0.14138859016268804 0.13534176959604097
0 0.8044077823919202 0.4657394133025646 0.12911584913967858 0.17404055674305993
0 0.7422002365250094 0.9207511737274059 0.15223518657189175 0.12003501834239998
0 0.45007532727687255 0.6713949975592246 0.1572317587805987 0.17329641066226814
1 0.8252253182016863 0.6862648619697811 0.1481294695529872 0.21989862602253202
1 0.4991981076256895 0.5191588961472988 0.18715560811666876 0.21478522868809904
1 0.6189081822702833 0.9493428381505977 0.14256929508134403 0.06976223370266403