3 0.5906674692583996 0.43069948392756724 0.21978630093507653 0.18576391832631992
2 0.5555329033944044 0.16468261432745385 0.23533857806243946 0.1738095553496284
2 0.3462306262670414 0.16987107821511915 0.21970448770335987 0.17170141832631983
2 0.07307090309981686 0.34232639845605395 0.14303290339440444 0.15027779691210785
2 0.059018014339743595 0.47774554328391083 0.11343630698520062 0.16486608656782167
2 0.3448287701934761 0.600203418959292 0.19470448770335996 0.1708283990890262
0 0.6647266170936592 0.2715997916394483 0.20877607806243947 0.17288197241000383
0 0.5203191287029283 0.5563418354715133 0.22287493949875808 0.17962304573098145
0 0.3985526921310366 0.436488148540872 0.21181017447164335 0.15736609981466554
0 0.17132763767991877 0.583209348000567 0.2054601805217675 0.1399603450053421
0 0.048839559322891676 0.6078323473675948 0.09151585518980254 0.15628969473518967
0 0.04419140329620859 0.21165675181409851 0.08680108411256368 0.15143850362819702
0 0.15412493949875794 0.1772222428284239 0.19464994554888215 0.16145339908902612
1 0.4493334212501895 0.3039137507177902 0.21336358411256368 0.15585816351699638
1 0.24313341822512738 0.30530509201011724 0.2041067587805987 0.17584328130301125
1 0.21665779751723085 0.45356897721932726 0.20699540944452863 0.13532740870767287