2 0.5301518487467743 0.7074235730557783 0.17798703163466154 0.1530000892845374
2 0.4143093314465688 0.7914185178602027 0.19644787155854945 0.1845500982129913
2 0.4168480355146322 0.6141565884770538 0.2164128616727176 0.13805692775829587
2 0.3098075152486771 0.7120503920477763 0.20834569368794006 0.13167056006354408
2 0.2230980355146322 0.617538507306896 0.18816052768032893 0.13444100405718978
2 0.3066519762368228 0.5020986935899038 0.1937393656270503 0.15639782467404081
2 0.2288691689361797 0.38010669115427176 0.20843853558899425 0.17226828652459386
2 0.12913181270066948 0.4903641270302425 0.1865980276803289 0.1344137305182395
1 0.2419740750207781 0.8248737203752651 0.19849053262324476 0.15804214529089186
1 0.07430102714885625 0.5977323421272065 0.1486020542977125 0.1357853157455871
1 0.4589957262368228 0.49943952354224563 0.22084569368794008 0.1318887483751469
0 0.09146930456344882 0.7238311919650506 0.18293860912689763 0.11906146590774291
0 0.014460453536590801 0.5167783969157449 0.028920907073181602 0.15394320616851012