2 0.24453125 0.359375 0.15625 0.21796875
2 0.23671875 0.64609375 0.16171875 0.1828125
2 0.41015625 0.67578125 0.15078125 0.19296875
2 0.33203125 0.80234375 0.1390625 0.19765625
2 0.48359375 0.8125 0.14375 0.20234375
2 0.40390625 0.925 0.1296875 0.15
2 0.65 0.9078125 0.165625 0.184375
2 0.5390625 0.97109375 0.171875 0.0578125
0 0.1421875 0.48125 0.15859375 0.21796875
0 0.1859375 0.9234375 0.140625 0.153125
0 0.2828125 0.965625 0.134375 0.06875
0 0.47578125 0.44921875 0.13828125 0.2046875
0 0.55 0.5796875 0.1578125 0.18046875
0 0.61796875 0.71953125 0.14375 0.221875
1 0.38203125 0.27734375 0.184375 0.2609375
1 0.34453125 0.4984375 0.16640625 0.23515625
1 0.1375 0.7625 0.1671875 0.19296875