3 0.08535515714754369 0.3487590539777595 0.14638952174882985 0.105606892044481
3 0.42358330490354723 0.6485412711066136 0.14820668973360754 0.11188416558343128
3 0.290996297983465 0.6180197483784422 0.1418293557412186 0.10865007142762995
4 0.718586809809282 0.2712524736249712 0.38079901384016457 0.07222519642598231
4 0.17954816752766703 0.3963686651796895 0.3387228962731288 0.30413766964062106
7 0.21924999608284837 0.3730033031669806 0.4181265533834915 0.26024339366603877
7 0.13127910528410808 0.4972823287345259 0.22868736859279987 0.17106034253094826
7 0.11161254551200706 0.6094238185882561 0.18718957117798857 0.34052736282348767
5 0.7137381657790559 0.5556547471639215 0.5725236684418882 0.3727548506453278
5 0.42538056824942005 0.7118361578760888 0.5104201186299809 0.571009344152506
6 0.40133693729933045 0.486314006496117 0.35730043581645565 0.49182858441327343