4 0.16875 0.2296875 0.3375 0.459375
5 0.40703125 0.875 0.3921875 0.25
7 0.61953125 0.91796875 0.2359375 0.1640625
4 0.71171875 0.928125 0.0765625 0.14375
4 0.5515625 0.89296875 0.17578125 0.121875
8 0.4765625 0.559375 0.39453125 0.50390625
6 0.55625 0.5125 0.23203125 0.6640625
5 0.69453125 0.63828125 0.1109375 0.50078125
3 0.2296875 0.54453125 0.109375 0.13828125
3 0.0625 0.60625 0.125 0.153125
3 0.23671875 0.71953125 0.1140625 0.14765625
3 0.2234375 0.9171875 0.08984375 0.15078125
3 0.07265625 0.79765625 0.12265625 0.15703125