5 0.7068778564929976 0.44914564854389327 0.5752419732113158 0.5550764269442217
5 0.9562761144105565 0.3581176793897395 0.0737176109788372 0.2792704886359143
7 0.8759246878466638 0.2213092004930579 0.24342235721791355 0.315028530842551
7 0.7818538097790677 0.6633524245184755 0.40110316191590945 0.15223997889338642
4 0.6093854278840409 0.6062371741114385 0.1717913981258558 0.2684887215897856
5 0.2920761882423752 0.40892143790786095 0.5841523764847504 0.5009071241842781
8 0.26169169744682874 0.6132777013005415 0.5233833948936575 0.27500709739891693
3 0.19286918078703483 0.4831050060890799 0.18640416442319183 0.12662850405718978
3 0.10737664700522857 0.6571658433450225 0.17252352084968253 0.13263304220663663
3 0.33333139324430483 0.6204259537361735 0.17551212852981452 0.12800008928453738
3 0.24164634692608628 0.685275432225818 0.16283027210332374 0.12153190097293454
3 0.24165837028305132 0.5775174793037188 0.18470527210332383 0.12191373051823931