2 0.3988497463432567 0.607727704231285 0.2089228068171333 0.15432492739850953
2 0.49901911606660326 0.707519146853301 0.16371940097293453 0.16031130698520074
1 0.5829186034847016 0.8150276407049809 0.16706258928453738 0.17282948770335976
0 0.6579128749950571 0.7256293182998821 0.15368983603812653 0.12275676483072288
0 0.7845981059203335 0.7333968873853312 0.1571421185055307 0.14152494554888212
0 0.9295331359554009 0.7663099022160541 0.14093372808919824 0.12589085518980242
0 0.900367381894916 0.6528286643163025 0.1722761948044244 0.11349084913967822
0 0.9810314062479405 0.6720831792452213 0.03793718750411905 0.1299693011314682
0 0.7148842548679687 0.31975202302214645 0.18661143019392804 0.1291976623713949
0 0.7328935097359374 0.6354497458947834 0.15506142126547431 0.11182835518980258
2 0.5398684383083074 0.49684072208707003 0.155143241882325 0.11651585518980259
2 0.687275272317839 0.5281639658405541 0.1507557508107789 0.13367608411256365
2 0.5728912183400795 0.5985850292686623 0.16150233603812653 0.12280221662612104
2 0.8045252276755704 0.442917333130605 0.1460955243497292 0.1352113130353249
2 0.6929076635515411 0.5375707820973327 0.1566511948044244 0.11339994554888229
1 0.6392860113607904 0.41930205024770545 0.1867205243497292 0.135447662371395
1 0.9362120097392326 0.3734002395500716 0.12757598052153477 0.13671018052176756
1 0.8299264224799948 0.5555536885167993 0.170768241882325 0.1166067587805987
1 0.948004672076253 0.5484593268840892 0.10399065584749394 0.11159200585373252