3 0.3014779472867749 0.3251772213431535 0.09847495735199914 0.14314232622365458
3 0.5641143072883658 0.29816958738228283 0.11112040802036276 0.15637036831702938
3 0.6204268472708665 0.4237086427004244 0.12045904535327186 0.15379139988706053
3 0.2935541699156857 0.6035752371281691 0.10803177068745358 0.15931335779368574
3 0.4495394458943685 0.7514149556993124 0.1191147213558171 0.17245039462538864
4 0.27809915587209677 0.925351526590708 0.3075954186823629 0.13346203128768225
4 0.5113212832193235 0.8094934952324383 0.40216467337681616 0.34351884172632163
4 0.22922804057927673 0.6299627028567149 0.3107771520528157 0.4068995312876824
4 0.25543074530554677 0.20325416712866837 0.4219510093889065 0.40650833425733673
7 0.434037550644501 0.14155577385399126 0.16108514003818009 0.2831115477079825
7 0.5291506033179553 0.10220135939145239 0.3026362933640895 0.20440271878290478
7 0.27864952196054726 0.27419855026823126 0.30142033338636126 0.40791599971765125
5 0.08546423798536432 0.43401170797721245 0.17092847597072863 0.4569765840455752
5 0.5522035586012303 0.44954237158314986 0.39022938940163315 0.5255122943712749
6 0.4223433359325486 0.47193955830191336 0.5144294107256338 0.4640427153050227