3 0.6224710112162641 0.39089293946253006 0.15631951082055268 0.22242561542376213
2 0.8797439536152745 0.4349976366447904 0.16050690564770315 0.2054018065307547
2 0.8829922887298641 0.6271032910912941 0.1524216210079672 0.19575398801910032
2 0.4539867503292044 0.6355357729503088 0.1444272645814763 0.18923116950744615
2 0.40240884461499415 0.9014311022617363 0.13826819279472174 0.19213791469812308
2 0.6070652523742684 0.9230382290334258 0.13781355172849494 0.1539235419331483
2 0.7302383279219468 0.9027332297512161 0.14121133636823088 0.18599704210278462
0 0.7656012340983753 0.32096736377929963 0.1493875492212126 0.19876986061443871
0 0.4946391794003796 0.4769618703179036 0.13960337226160835 0.18437997840045348
0 0.6100716142775425 0.5816717068857252 0.1395124440483631 0.18125497840045365
0 0.5002803917911427 0.8049504610620766 0.13165447994174037 0.1794196598887993
0 0.49896324735970354 0.9649330631541767 0.12901756175762494 0.07013387369164654
0 0.8476364280802313 0.9521577885594054 0.14417120031656908 0.09568442288118924
0 0.8840559982176334 0.8245958499843015 0.15058633636823088 0.18632442431676957
1 0.7420513884924373 0.5308681534350134 0.15894440564770312 0.20534724282842393
1 0.7639815274470931 0.7212848223094873 0.14934208511458974 0.1972073606144388
1 0.6254107724325282 0.7601513709508758 0.14456365690134448 0.19391866950744613