0 0.290625 0.42734375 0.14921875 0.19140625
0 0.54609375 0.578125 0.12890625 0.18359375
0 0.44765625 0.6828125 0.1390625 0.16640625
0 0.24375 0.890625 0.1484375 0.15546875
0 0.27890625 0.9671875 0.1359375 0.065625
1 0.328125 0.63125 0.1515625 0.225
1 0.3703125 0.81015625 0.159375 0.20703125
1 0.50546875 0.83203125 0.15859375 0.1765625
2 0.1921875 0.546875 0.15078125 0.1890625
2 0.2171875 0.72890625 0.1578125 0.17734375
2 0.59921875 0.7140625 0.15234375 0.2
2 0.528125 0.95234375 0.15 0.0953125
2 0.39453125 0.94765625 0.1421875 0.1046875
3 0.43359375 0.4984375 0.1703125 0.23515625