3 0.57265625 0.5902115412555945 0.159375 0.2190419960216353
2 0.85 0.5166718545512781 0.1578125 0.21121131468808993
2 0.8046875 0.32188661322409595 0.146875 0.20014654535327175
2 0.6 0.07506144529759255 0.146875 0.1501228905951851
2 0.45859375 0.06258017397359213 0.1390625 0.12516034794718425
2 0.3703125 0.3495972739497296 0.1421875 0.1922795013526355
0 0.42109375 0.5224438806095026 0.14375 0.19386018268618094
0 0.54375 0.3960166459261852 0.140625 0.18601132001909004
0 0.80390625 0.13439570389086866 0.15 0.19237040802036268
0 0.725 0.031356351289002035 0.14375 0.06271270257800407
1 0.68515625 0.44280873524032244 0.15 0.21112040802036275
1 0.63125 0.2410922412476403 0.15 0.20955790802036267
1 0.4765625 0.22648594326863933 0.146875 0.20795904535327187