1 0.5413174307991777 0.3119852421489482 0.20384919467652338 0.13858644154108052
1 0.7866020503805609 0.13317696588898933 0.19648236364988403 0.1492966210079671
0 0.5239110493919776 0.14550243580159977 0.19061436562705047 0.1584897645814764
0 0.4201507435370283 0.4130513001456492 0.19590936068413445 0.1352341210079672
0 0.5646873107235031 0.48531744206980587 0.20368736859280007 0.1729159774344577
0 0.7073257968833386 0.5467142801538966 0.18085736364988403 0.14884197994174037
0 0.9444397722059403 0.26201971674691915 0.09291169467652338 0.1353584899708702
0 0.9090381244871178 0.17331256941248618 0.1714823636498842 0.14856919530200416
1 0.540886349278247 0.30341422420225955 0.18659802768032882 0.13652383636823098
2 0.6603804485936748 0.2242458982588698 0.15891869665368966 0.1466429824490228
2 0.409280863612703 0.2393553873718101 0.17371602570316255 0.1267851235152495
2 0.6595779994685274 0.37799302388569045 0.18022069368794008 0.1332169799417402
2 0.7864216837649274 0.2908076094624986 0.17122769566510634 0.14231919530200426
2 0.7843750696207517 0.43678769919594196 0.1829636917107738 0.12393290815498563
2 0.8653637899632564 0.5748894412783832 0.18458985870696837 0.12554087226160834
2 0.9389869737653648 0.49159355648036246 0.08497186068413427 0.13200616943775678
2 0.9013662514456936 0.3615938194124862 0.17065469269935676 0.12825669530200426