3 0.49840847545590083 0.5768268712939936 0.13692098997087002 0.09062761284152784
4 0.28958871958340604 0.36479507750666695 0.40939904671392996 0.22500783852458373
4 0.9192558360390265 0.46075576813920216 0.14693981380268895 0.38128898043270854
3 0.7016100318032492 0.6057915919430561 0.05426160266556703 0.04029899810013902
7 0.7742926770261112 0.47223551595500063 0.18180289561857332 0.29153680262104176
7 0.8567317893250965 0.6750715348567022 0.2550752595669117 0.2339074469977085
7 0.2976606662055584 0.6784763710096531 0.5059009398252209 0.5364194236306947
6 0.6069089487337236 0.5019561174942714 0.4044460884132949 0.4840918977951393
5 0.619228126155546 0.8040095799752089 0.37646217775102697 0.32729638392743077
5 0.8590778878340284 0.7556493876302438 0.24920099577685803 0.35400174145062524
5 0.8743836052393565 0.47143804179055626 0.2314104390337981 0.2255494331300003