2 0.35390625 0.3953125 0.1578125 0.171875
2 0.29375 0.53828125 0.13828125 0.19375
2 0.421875 0.5640625 0.15546875 0.1875
2 0.4953125 0.69453125 0.13828125 0.1953125
2 0.6109375 0.75625 0.14453125 0.19296875
2 0.409375 0.8375 0.115625 0.15234375
2 0.52578125 0.87109375 0.128125 0.18046875
2 0.34453125 0.70625 0.13515625 0.1703125
1 0.4140625 0.9453125 0.140625 0.109375
1 0.184375 0.67109375 0.1359375 0.17109375
0 0.2796875 0.91796875 0.15 0.1640625
0 0.209375 0.44609375 0.1296875 0.21171875
1 0.5375 0.52421875 0.12734375 0.1765625