3 0.6812848156860654 0.683062726871382 0.1408829495445131 0.09927507142762977
3 0.6838368636944816 0.42035817532925446 0.15381945916315978 0.11199325973923262
3 0.55291175670824 0.36479574229265754 0.15102184137714508 0.12131371266133187
3 0.40332350679305795 0.6926049168045425 0.15683533175849823 0.10892280681713337
3 0.24078132285764156 0.5375334074690518 0.16971727767481415 0.12007849512873606
4 0.08263898456053939 0.7099283790588374 0.12631948565684775 0.30826824188232516
4 0.17688002476440728 0.47611071225759016 0.33422624409436824 0.40402857548481974
4 0.3829043685886231 0.7570628831193225 0.3997569856568477 0.3130411111986346
4 0.8046292521729936 0.7283052686742769 0.3907414956540126 0.4243331672049891
7 0.8564162465414389 0.5494575198920929 0.2867609339354164 0.16272173701106105
7 0.89229788856333 0.4540535166456821 0.21540422287333988 0.3039546631477993
7 0.7344470212210282 0.7055865633165457 0.40099210344286257 0.3036933847375849
5 0.5928299840123852 0.903490049516828 0.45293157095872516 0.18123773213979746
5 0.5334102777596322 0.4331463218379623 0.5165476707733905 0.3931570795420095
6 0.5230953150530933 0.5630929204579905 0.452162766959859 0.5169570438281944