0 0.2609375 0.2609375 0.11953125 0.1671875
0 0.50625 0.3796875 0.11640625 0.16328125
0 0.17578125 0.69375 0.12265625 0.1625
0 0.21015625 0.83984375 0.12421875 0.16015625
0 0.615625 0.9375 0.1125 0.125
0 0.528125 0.8703125 0.1140625 0.153125
0 0.5234375 0.66875 0.1203125 0.15390625
0 0.40859375 0.46640625 0.11953125 0.1546875
2 0.1640625 0.3546875 0.1296875 0.1734375
2 0.16875 0.52265625 0.1296875 0.17109375
2 0.3125 0.76484375 0.11875 0.165625
2 0.43984375 0.771875 0.12265625 0.1578125
2 0.415625 0.91875 0.121875 0.1625
2 0.5078125 0.97265625 0.121875 0.0546875
2 0.61328125 0.76640625 0.1234375 0.159375
2 0.5578125 0.52109375 0.125 0.1625
3 0.3890625 0.3015625 0.13046875 0.18125
1 0.2859375 0.43515625 0.12890625 0.18125
1 0.2765625 0.60625 0.12421875 0.16796875
1 0.4046875 0.625 0.1203125 0.16875
1 0.2796875 0.93828125 0.125 0.1234375