0 0.3015625 0.2921875 0.13125 0.18046875
0 0.56171875 0.421875 0.12890625 0.17734375
0 0.58046875 0.73125 0.125 0.1640625
0 0.58359375 0.93125 0.1234375 0.1375
0 0.24921875 0.9171875 0.1265625 0.165625
0 0.2125 0.7640625 0.1328125 0.17578125
0 0.46015625 0.51328125 0.121875 0.17265625
1 0.3265625 0.978125 0.134375 0.04375
2 0.19921875 0.38984375 0.14140625 0.18828125
2 0.2 0.57421875 0.1390625 0.17734375
2 0.35546875 0.83203125 0.13125 0.18046875
2 0.4640625 0.95859375 0.125 0.0828125
2 0.66640625 0.83671875 0.125 0.16640625
2 0.490625 0.84453125 0.12421875 0.1625
2 0.61796875 0.57109375 0.1328125 0.1703125
1 0.3296875 0.4828125 0.134375 0.18984375
1 0.321875 0.6625 0.1328125 0.1859375
1 0.45 0.6859375 0.13984375 0.175
3 0.43828125 0.33671875 0.14296875 0.20078125