3 0.8070799224933332 0.30947247477717676 0.17293096656499998 0.11448176535645346
3 0.49149129008451364 0.3042373454009969 0.16951502583555572 0.10194540268936265
3 0.23378919927881925 0.22934424403245304 0.15701502583555565 0.10179995202099903
3 0.45598366907486054 0.6210975813971789 0.20043902393569457 0.15541584802672617
3 0.6585261344055897 0.6820639954248595 0.20974128875333342 0.1523999360279987
4 0.789693707162604 0.2506605487746314 0.4163939450978475 0.30632600938890653
4 0.28124058149701386 0.2767646840388164 0.5624811629940277 0.4845793734086329
7 0.42012543636104144 0.2815260040579064 0.49164851823611144 0.3181362133990879
7 0.21650686103857603 0.4346675433640895 0.38354377108590293 0.23721238271799763
7 0.14254725664951373 0.5626465453532719 0.28509451329902746 0.3815430907065437
5 0.6364083190542014 0.0878958247533142 0.43968336189159735 0.1660100920591791
5 0.6987355199485412 0.5660940974299501 0.585508927430417 0.39108391207826915
6 0.6883799014074301 0.540966828095132 0.5882351903481948 0.4411020934118145