3 0.619054918085587 0.65183043946253 0.15252720536281678 0.2224256154237622
2 0.8748958380808144 0.6256226366447903 0.1570147106938169 0.2054018065307547
2 0.8703157840547247 0.43335329109129417 0.14909312269254435 0.19575398801910032
2 0.4403555640515431 0.3949107729503088 0.14120789735836253 0.18923116950744615
2 0.3778624653484993 0.12486860226173627 0.13499426002545345 0.19213791469812275
2 0.5814687233449994 0.10620791541591294 0.13481244668999892 0.17651291469812275
2 0.7061056440165447 0.146483229751216 0.13804653469127165 0.18599704210278448
0 0.7652401220957683 0.7319048637792995 0.1460044853596351 0.1987698606144388
0 0.48753165073995125 0.5566493703179036 0.13646585335772626 0.18437997840045348
0 0.59885895472627 0.4597967068857252 0.1364294906906352 0.18125497840045365
0 0.47980732069540777 0.22838796106207643 0.12859880935708984 0.1794196598887993
0 0.47158464600572697 0.05863845625275303 0.12754429201145392 0.08879465988879934
0 0.8210215720082722 0.08958344372369931 0.14204314401654444 0.12678573320977704
0 0.8633283453612262 0.2355333499843016 0.14742153469127145 0.18632442431676957
1 0.7330981420671334 0.5199306534350134 0.1554522106938169 0.20534724282842393
1 0.7472953600413617 0.3306598223094874 0.14598630402608972 0.19720736061443872
1 0.6069425327020893 0.2820263709508758 0.14126244135899882 0.19391866950744613