1 0.5296875 0.7015191317279903 0.2109375 0.15435219847574827
1 0.73671875 0.6886611043060398 0.215625 0.15125446955298721
1 0.76875 0.540409956667172 0.1984375 0.1464669756031114
0 0.31875 0.7354481832522419 0.1953125 0.14644879488495216
0 0.471875 0.45118278844204457 0.1890625 0.14328743344863373
0 0.58671875 0.5651321798343965 0.190625 0.14173402380771344
0 0.8171875 0.40866050779864 0.184375 0.13388516237139497
0 0.95390625 0.38679966421810663 0.0921875 0.1317863311856975
0 0.83046875 0.8157690258508168 0.1875 0.15109084308955403
2 0.43125 0.8493839391059744 0.2046875 0.15744083703943018
2 0.64140625 0.8240440924021831 0.2015625 0.1542976563212708
2 0.91484375 0.6514161552411162 0.1703125 0.1400533491396784
2 0.63828125 0.39590091168402386 0.1875 0.1464033430895541
2 0.93515625 0.5179405799091512 0.1296875 0.14762949980360834
0 0.95625 0.780563299756726 0.0875 0.14425906010845857
3 0.39453125 0.5882328156676035 0.221875 0.15754083098930566