3 0.14375 0.0796875 0.1359375 0.159375
3 0.2234375 0.371875 0.14453125 0.19609375
3 0.20625 0.75 0.1453125 0.203125
3 0.58984375 0.403125 0.146875 0.184375
3 0.65546875 0.6 0.1609375 0.2140625
5 0.01328125 0.4625 0.0265625 0.3484375
5 0.521875 0.68125 0.45625 0.6375
4 0.328125 0.24140625 0.32421875 0.4828125
4 0.17578125 0.73125 0.3515625 0.5375
6 0.49296875 0.60859375 0.5140625 0.63984375
7 0.2 0.29453125 0.39921875 0.55546875
7 0.56015625 0.0953125 0.3421875 0.190625
7 0.47734375 0.26328125 0.08515625 0.17578125