2 0.634785799009324 0.3595211691557637 0.19870728949430205 0.2504514586155702
1 0.7818426197302696 0.6323777357549641 0.1500856989237615 0.2104948439616777
1 0.5435055959517332 0.9472535425160835 0.139537688998964 0.05095606965141819
2 0.672146596156621 0.544605498079436 0.15175520678164425 0.17940861827193721
2 0.5514894937992562 0.5415767526019918 0.14725179735218497 0.21658106965141818
2 0.5161769243211648 0.7141035278167625 0.13598465756743253 0.17546474672063966
2 0.6464830084815645 0.6940256439409931 0.17163105913900906 0.17109815128862388
2 0.5563759311455904 0.8382503567404347 0.1801713052100677 0.18713258706427283
2 0.44002103102175577 0.8934468690649066 0.12944355913900907 0.16888719810012062
2 0.3459500074481073 0.804855759838081 0.14412679735218487 0.21641729534115867
0 0.3945074396226458 0.6324141938047075 0.16796240363849116 0.1927274898232348
0 0.7901152303598021 0.822883227048537 0.20691789578060843 0.22594278154634892
0 0.6773754818075441 0.8841250214851843 0.1385274607105858 0.16312852103089917
0 0.7683388536002191 0.42032479308191045 0.1555351782455972 0.19363489258219674
1 0.4292549288692788 0.48875272501237194 0.16731174028009033 0.24568871551297528