3 0.39140625 0.54765625 0.13671875 0.184375
3 0.51953125 0.65 0.1328125 0.18125
2 0.09609375 0.846875 0.12734375 0.171875
2 0.36640625 0.7171875 0.1234375 0.165625
2 0.47109375 0.79765625 0.1203125 0.16484375
2 0.29765625 0.98046875 0.1265625 0.0390625
0 0.25546875 0.65390625 0.12109375 0.1578125
0 0.134375 0.684375 0.12578125 0.16953125
0 0.67578125 0.80859375 0.11640625 0.16328125
0 0.69453125 0.94140625 0.1109375 0.1171875
0 0.5703125 0.86953125 0.1171875 0.159375
0 0.43046875 0.9328125 0.1171875 0.134375
0 0.5328125 0.96875 0.115625 0.0625
1 0.6484375 0.64140625 0.125 0.175
1 0.19375 0.925 0.13125 0.15
1 0.3046875 0.853125 0.1359375 0.18671875
1 0.5046875 0.45859375 0.13515625 0.178125
1 0.27890625 0.459375 0.1421875 0.184375