2 0.5768356408299603 0.3044287967456782 0.1901455332781829 0.15374426002545344
2 0.4604078457806544 0.2147748560629971 0.17158644805083548 0.164463584022908
2 0.46259013433713847 0.40311974073040613 0.21177507142762994 0.1399362986950896
2 0.3500685892878327 0.3135112533815887 0.21026711850553062 0.14304311736154415
2 0.33128381290950853 0.5391197807129069 0.20744212743398432 0.16019425469445317
2 0.24592478571711024 0.41544537603436205 0.17759098620028232 0.15047380935708982
2 0.25673205195245996 0.6468680987030437 0.20229097727182851 0.1335772106938169
2 0.16083494521475689 0.5449505153564534 0.19938416558343128 0.14604084802672598
2 0.34459588514791734 0.26890727804740694 0.13823993425111764 0.3124829133513628
1 0.497880977682161 0.5301185927354968 0.20256371266133186 0.1492022106938169
1 0.09069536363756192 0.42452838001272664 0.18139072727512384 0.14905676002545326
1 0.2912584253259592 0.19092718137331635 0.20267280681713337 0.1554522106938169
0 0.08788687358031311 0.3033982673456358 0.17577374716062621 0.15832267202418074