3 0.11898101654433524 0.3719799577654509 0.156181533498446 0.07454351564384121
6 0.43142966666816973 0.3408257522073129 0.3970207808078497 0.5950057470162282
5 0.17529744478993226 0.5395993682464423 0.3505948895798645 0.36669873649288454
5 0.48553269996172793 0.6761254863517102 0.45491874813797323 0.232186499576477
7 0.6340196273787555 0.19595140991629406 0.3904966832079957 0.2876482733245875
7 0.8465301660489972 0.6117639386437277 0.2535104135632885 0.3575827997741211
4 0.8424357489665427 0.14463735182614218 0.3151285020669146 0.20846203128768243
4 0.8011300446660978 0.2746209834385256 0.3907535483856421 0.3266197680629156
4 0.7668941317219817 0.37054813346676047 0.42098470388616 0.30656487329635257
4 0.12014121794929604 0.4362321735645839 0.24028243589859208 0.3880893471291678
4 0.2848372646823084 0.17483048393263578 0.4490754706353832 0.340924462744774