0 0.27814200082856955 0.3151713515287954 0.18736306699689198 0.13969185442427942
0 0.39571252874544427 0.5813678939185815 0.18409251778268027 0.1364213052100677
0 0.704214233460174 0.6145272661255413 0.1698844685684687 0.13264133374611511
0 0.9040686842459623 0.6269674158350911 0.14324919396136265 0.12984166542531544
0 0.9055799501666157 0.29193744437113833 0.1715197431755744 0.1342766083532209
0 0.7541651534336035 0.2480867828747643 0.18118584160399784 0.14096325599585596
0 0.49184912820732496 0.48406270843427424 0.17755141935425697 0.12988020678164425
1 0.9629151071148758 0.37211940404826677 0.05000861621110388 0.136412688998964
2 0.38056498759400315 0.2173760144729114 0.19404971463952717 0.14935795285270287
2 0.5649036002904502 0.22674466811140262 0.1846019400324213 0.1473588052100677
2 0.8154750268834174 0.3942212282838691 0.18736306699689215 0.13969185442427942
2 0.9369796916895602 0.5087097214594435 0.08863446856846835 0.12885705417661059
2 0.8056803800693519 0.7053770521051866 0.17144696856846836 0.13271410835322078
2 0.8216800233687607 0.529959675140716 0.1683219685684687 0.13256855913900906
2 0.5423113928896334 0.6445678688971909 0.17649834160399785 0.14074493217453837
1 0.4674570579006641 0.35217485359571 0.1968836162111037 0.14325350206691462
1 0.6475084309361934 0.35273143341288354 0.19212334160399785 0.141472678245597
1 0.664978413153513 0.48194805251947137 0.18154971463952715 0.14877575599585596
3 0.316305472706807 0.45396417783131227 0.20669526385373888 0.1530651497095498