0 0.575 0.14173079123714666 0.20625 0.14975126207419392
1 0.6078125 0.384873037476223 0.2 0.15269440564770315
1 0.153125 0.29039298244902273 0.190625 0.1367966210079671
1 0.109375 0.15474498746358767 0.203125 0.1496603338609485
1 0.4125 0.4307525241483878 0.21875 0.13605247492717537
0 0.36015625 0.177666976576528 0.1953125 0.1463080133278351
0 0.0796875 0.38747491943775675 0.159375 0.11869983887551347
0 0.0875 0.5236397399708702 0.140625 0.12909176959604132
0 0.2328125 0.5630241518867795 0.146875 0.123023626022532
2 0.2203125 0.07906668903379803 0.2 0.13550690564770318
2 0.5484375 0.554239151424561 0.196875 0.13072847743445787
2 0.2984375 0.6743086443649321 0.171875 0.12531355172849495
2 0.02890625 0.6320910859725195 0.0578125 0.1173071719450391
2 0.29453125 0.35700748409837535 0.159375 0.12963733887551357
2 0.19453125 0.4400352812745238 0.146875 0.123023626022532
2 0.0203125 0.2927785333860949 0.040625 0.13243206677218974
3 0.4640625 0.2994403396669363 0.209375 0.15296719028743927
3 0.3796875 0.5493290279093115 0.171875 0.14093855172849495
1 0.46015625 0.6680766794003796 0.196875 0.1338534774344577
0 0.11953125 0.696446754156635 0.178125 0.11924540815498563