2 0.5708987263111849 0.2730485730557783 0.17798703163466173 0.1530000892845374
2 0.45505620901097926 0.19298101786020277 0.19644787155854945 0.18455009821299112
2 0.4575949130790427 0.37040658847705377 0.2164128616727176 0.13805692775829587
2 0.35055439281308765 0.2761128920477762 0.20834569368794006 0.13167056006354416
2 0.26384491307904273 0.37378850730689595 0.18816052768032893 0.13444100405718978
2 0.3473988538012333 0.4864736935899038 0.19373936562705038 0.15639782467404081
2 0.26961604650059023 0.6113566911542717 0.20843853558899425 0.17226828652459397
2 0.16987869026508004 0.5044266270302425 0.1865980276803289 0.1344137305182395
1 0.2827209525851887 0.16549872037526497 0.19849053262324476 0.15804214529089183
1 0.1014868345238614 0.39929484212720645 0.17572419467652328 0.1357853157455871
1 0.49974260380123336 0.48381452354224563 0.22084569368794008 0.1318887483751469
0 0.12289230783211572 0.27226869196505066 0.20158635771838496 0.11906146590774283
0 0.04311060182406697 0.48240339691574496 0.05311436562705037 0.15394320616851012