2 0.346875 0.39375 0.1875 0.23984375
1 0.18671875 0.675 0.140625 0.20234375
1 0.4109375 0.978125 0.1375 0.04375
2 0.30078125 0.58125 0.14375 0.17109375
2 0.421875 0.571875 0.1375 0.209375
2 0.44921875 0.74296875 0.128125 0.16875
2 0.31953125 0.7296875 0.1640625 0.1625
2 0.403125 0.86953125 0.17109375 0.17734375
2 0.5171875 0.91875 0.121875 0.1625
2 0.615625 0.825 0.13515625 0.20859375
0 0.575 0.6546875 0.159375 0.18515625
0 0.16953125 0.86640625 0.19609375 0.21640625
0 0.2796875 0.921875 0.13125 0.15625
0 0.21015625 0.46171875 0.14765625 0.1859375
1 0.546875 0.5125 0.15703125 0.2375