3 0.4014229890462467 0.5730674965027779 0.22185918344033873 0.18703837946721472
2 0.43039387419416403 0.8365424060845985 0.23726599512873606 0.17517504942915849
2 0.6399870625057668 0.81551102859455 0.2216137215897856 0.17297587946721507
2 0.9173831797934813 0.6223062207624344 0.14472393912238174 0.15110619665368966
2 0.9345997276821609 0.4857638842985875 0.11530917451188501 0.1655215237259961
2 0.6514071724865854 0.384883111104064 0.19661372158978557 0.17195720752810456
0 0.3236001777648864 0.7378422623201086 0.21070349512873604 0.17409271049385405
0 0.4747531692401745 0.442045648175933 0.2248750892845374 0.18091571345960364
0 0.5938286773578494 0.5527364559708677 0.21355575973923263 0.15859504448624281
0 0.824653757713933 0.38875357452648657 0.20700575081077907 0.1411528765014653
0 0.9478145681845144 0.3548494653252268 0.09329780681713337 0.15681768577927463
0 0.9432444760606031 0.7508477148309353 0.08852848620028234 0.15193918479069152
0 0.8324200243563198 0.7936174880626398 0.19645008035608386 0.16258220752810465
1 0.5399206530081202 0.6892124668452826 0.21509098620028233 0.1570962114824372
1 0.746320657472347 0.672214673347623 0.20607054220663662 0.17702670950527094
1 0.7762690304421045 0.5218817509142211 0.2085137037328783 0.13809154349765967