0 0.4386149843293398 0.5819480604738766 0.23546864057694455 0.18528648376465034
0 0.5707579499444094 0.44063549351047354 0.219479964665139 0.16938874837514692
0 0.894381860372986 0.19211657833407933 0.20607208130638915 0.19726828652459388
2 0.4748701005893402 0.13149804708119597 0.2791095378034029 0.18136264285525985
2 0.7032483673068401 0.183738836855496 0.24313567021222227 0.17917285145940204
2 0.9587326882609025 0.31281881615921475 0.07118793502986129 0.1730477621748646
2 0.9625811208222217 0.482994948464463 0.05607208130638881 0.19465002678536117
2 0.671899609804305 0.5911519164008008 0.22950958130638915 0.19767738960884884
3 0.3705767651988886 0.4183588932655923 0.25752547853284735 0.19348081330995512
1 0.5337878928580553 0.2843133555231824 0.2307084053945836 0.1820796631477993
1 0.7996843433711455 0.33511833036267424 0.2477504350298613 0.17612967207625302
1 0.8326208638883676 0.49697740219734127 0.25778005167111145 0.20441831330995514