3 0.18203377231733658 0.3182595696751836 0.16221231252120455 0.08588733887551347
3 0.641577408707673 0.22470842728880855 0.14055556733052796 0.09150084138279588
3 0.631694010336437 0.4780691080093364 0.15672620435383636 0.1075804824490227
3 0.49119798510869356 0.5223693743066724 0.14767858656782168 0.11668269780928675
3 0.3581374261308682 0.19851067399010325 0.14707838584218216 0.09949519780928666
4 0.04960567431676959 0.1466082270387464 0.09921134863353918 0.2932164540774928
4 0.34475448320977703 0.15051344319043314 0.4191964664195541 0.29316159593514246
4 0.16287703375008197 0.3731145542357774 0.31265877894075855 0.37122910847155477
4 0.778125 0.20545362509809523 0.44375 0.37853680628084146
7 0.818554114875608 0.3758032290173035 0.3079266058051154 0.14632003668480015
7 0.8724665382005103 0.47132632917558803 0.2550669235989794 0.29522889812585584
7 0.7032043894703792 0.20152699155371576 0.4261557945498552 0.3136559523616332
7 0.2300868703179036 0.487455850553996 0.43758436787083294 0.32803670110799193
5 0.5376687357416657 0.6462531551854849 0.44110618275429003 0.2500935575344826
6 0.5071056941870354 0.3074263359060126 0.4016369773041452 0.550201206122557