1 0.6428473090626434 0.6814415888837241 0.1524404976377472 0.1679294945971538
1 0.6703745644201211 0.4873499546405048 0.14350200725639403 0.17988346302712266
1 0.85377979754508 0.3140320939336344 0.14539188947037934 0.18934946828879456
1 0.4952232199629331 0.07094516268830431 0.14044643992586625 0.0923834630271227
0 0.8330655373782789 0.502283251854377 0.13886907095872517 0.18117294724210709
0 0.4913939033501954 0.43014585744074985 0.1456448606144388 0.1519404735504665
0 0.40716025788936633 0.3176465864646497 0.12749506134007813 0.1680359104104042
0 0.7829588329396245 0.07211063346676046 0.12529266587924912 0.06031441567207607
0 0.6822247121583848 0.11224353882725435 0.12069942431676957 0.15204688936371685
0 0.795017378037634 0.17182991240595563 0.13045637023308565 0.1635304209337479
0 0.5596305265785059 0.5534083231692957 0.13768851687504088 0.19201944198043536
2 0.7591146606065895 0.6172642387707846 0.13730657095872498 0.18108194198043534
2 0.7411731593406452 0.37140570720075355 0.1301289880191005 0.15415542093374784
2 0.596505500084818 0.3590814704961075 0.13347224282842376 0.1605874314570916
2 0.5038417957309815 0.25076917058081205 0.15534724282842394 0.16186150512049755
2 0.3305754213215447 0.20091484179690866 0.127549625042409 0.1695984104104042
2 0.38777530771188107 0.0974327970021108 0.13180061542376215 0.15737142619541977
2 0.6672768131541768 0.24235597305635626 0.1496428798517325 0.17712248407381015
2 0.573487118418987 0.146452667879389 0.1245337524470708 0.17254139988706055