0 0.41719490136646087 0.31551493906725075 0.19586311542376222 0.16110264192396553
0 0.5590549860353659 0.5797656968185841 0.18884922359113024 0.13886362087727822
0 0.6671799992822098 0.48742554935059806 0.17048116950744613 0.1487090577372161
0 0.8821130624363864 0.295622999152954 0.16143355172143145 0.15753802616718496
0 0.9574478791339424 0.33523850697487456 0.07037204210278461 0.13975972099021766
1 0.6197916225105203 0.36489112571542703 0.230292679126093 0.16466725768074628
1 0.7972246525475872 0.41749872817685374 0.21181549763774737 0.17138769454068417
1 0.8143798922959682 0.5539290518402596 0.18212799763774754 0.169658594568919
2 0.5401636646133048 0.22403934158514716 0.19430061542376223 0.1610116366622938
2 0.721321895376011 0.2596414545699176 0.1836359339354164 0.16818709983059082
2 0.6931373201561168 0.640808154584035 0.20534724282842376 0.1647736734939967
2 0.9339012186121707 0.5835927069889919 0.10055061542376223 0.15555132096198285
2 0.9338789151614588 0.44972594120397646 0.10965279691210768 0.14828485253201382
3 0.4832960726031875 0.46262442847331986 0.24032244355406326 0.18396328925077743