2 0.43022820575817783 0.6974802432765935 0.1901455332781829 0.15374426002545327
2 0.549737910708872 0.7843888025939124 0.17158644805083548 0.1644635840229082
2 0.540982699265356 0.5961711872613215 0.21177507142762977 0.1399362986950896
2 0.6565861542160503 0.6831251999125041 0.2102671185055307 0.14304311736154424
2 0.667488877837726 0.4571712272438223 0.20744212743398444 0.16019425469445334
2 0.7571298506453278 0.5788093225652774 0.17759098620028232 0.15047380935708982
2 0.7382496168806775 0.3477320452339591 0.2022909772718286 0.1335772106938169
2 0.8376650101429745 0.4473769618873688 0.19938416558343128 0.14604084802672598
2 0.6636134500761349 0.7275837245783222 0.1382399342511178 0.31248291335136286
1 0.5012735426103785 0.47004503926641217 0.20256371266133186 0.1492022106938169
1 0.9106410397710046 0.566017326543642 0.17871792045799068 0.14905676002545326
1 0.7196509902541768 0.8042911279042316 0.20267280681713337 0.1554522106938169
0 0.9155632290969049 0.6870747138765511 0.16887354180619027 0.15832267202418074