2 0.41787459091380885 0.6414938726130025 0.1773859339354164 0.15981244668999892
2 0.5629440434535468 0.6999865305935943 0.19855160580511538 0.13975448535963508
2 0.5842510698624167 0.5715615385900945 0.19295637023308565 0.15843176002545328
2 0.7121553258528663 0.4966058972390498 0.20011410580511538 0.1397726666931806
2 0.769836361880383 0.3802627345640047 0.1987698606144388 0.1460044853596351
2 0.8581250794810635 0.5808798052196416 0.15716271397248321 0.11740677068745349
2 0.8876538336574148 0.4640826565484145 0.18572422359113006 0.13023403469127165
2 0.729139473127794 0.6472507872374589 0.17500497840045348 0.13635676535645339
1 0.9543155108845912 0.5749377932050059 0.09136897823081754 0.14189769334818117
1 0.6995760026167067 0.8078161172422315 0.17662204210278443 0.1379374466899989
0 0.9292361545313217 0.7096309665420512 0.1415276909373567 0.15190904002227157
0 0.473702983379413 0.7854342292727756 0.217028787293461 0.1321601613621805
1 0.5403696058899333 0.4564001625955033 0.18103672359113004 0.1301794906906352