2 0.3565296213001379 0.24244046741168793 0.22056813335454448 0.1575226502711465
2 0.643339277967865 0.23295988652057806 0.1847033586887262 0.16356357201231528
2 0.6710086499443207 0.40622466969806525 0.19549540802036275 0.15112720452587247
2 0.798480216621593 0.3273633506126163 0.1984931386855447 0.14020788524403188
2 0.8068728772676849 0.47886676327859873 0.20479768268618095 0.1449317466803503
2 0.9203001252785026 0.3985247574248663 0.15150905068427178 0.13056017447164336
2 0.900249065245095 0.6447185013747421 0.18630222135581712 0.166697662371395
2 0.9648211899268215 0.5334128418320175 0.059812446689998924 0.17221134328594587
0 0.4795954986473646 0.13938766940347774 0.2206044960216353 0.16064765027114652
0 0.9212739213080919 0.18056509778394594 0.1547613200190902 0.14151585518980253
0 0.9623341786282744 0.27719465808879623 0.07031359468490805 0.13477497579950315
0 0.44368253393541207 0.47316777176460983 0.20628745735199913 0.13869083703942983
0 0.5732876705920035 0.5466274767814617 0.18308631468808995 0.1588669816532356
0 0.7123405325827766 0.613782639643836 0.22354768268618094 0.14504083098930565
1 0.27289841394813874 0.3804177112633679 0.26308289735836243 0.1858930899662962
1 0.4944285159532294 0.3416314254536019 0.2363022213558171 0.1669885538619426
1 0.7609000426480008 0.13306390476914653 0.19569540268936264 0.1683147045258726