3 0.6086321755595099 0.2218897309789746 0.1533133986760923 0.11160108767505647
3 0.5951324859413732 0.5117334809789746 0.16661391935425698 0.12937078453190337
3 0.44739915322871565 0.5872151321362665 0.17337334160399784 0.14059938296032684
3 0.28917370016661575 0.23520963813212242 0.17555227171162172 0.12043243217453847
3 0.09928279259918314 0.41243787985995484 0.184238066996892 0.1395463052100677
4 0.27618785670059104 0.17329943207209458 0.4724059627775003 0.34659886414418917
4 0.7626133542193917 0.2029076374082514 0.47321079156121665 0.4058152748165028
4 0.1051155314315314 0.4456142528954842 0.2102310628630628 0.4118964942090317
7 0.7997750982235357 0.35252749318008364 0.32719185442427945 0.19609601984959496
7 0.8456076749403374 0.4564123184491432 0.27756434367091243 0.33566363399378396
7 0.6630307311838624 0.19207164433737545 0.4556165690638066 0.3423974392038518
5 0.4773223252690596 0.04455902109244919 0.42973034946188077 0.08911804218489838
5 0.42749122167334963 0.5125255012428542 0.5950857915612167 0.45803105541495553
6 0.42532090777682957 0.35827464888548943 0.5059591331652145 0.5864043043814983