1 0.2890625 0.56171875 0.16328125 0.2421875
1 0.3421875 0.81953125 0.16171875 0.2328125
1 0.52578125 0.78046875 0.1609375 0.234375
2 0.1453125 0.51328125 0.18671875 0.225
2 0.1921875 0.74921875 0.16015625 0.21328125
2 0.49296875 0.93515625 0.1921875 0.1296875
2 0.3453125 0.97421875 0.159375 0.0515625
2 0.63359375 0.65703125 0.15625 0.2375
3 0.41875 0.37421875 0.18671875 0.253125
0 0.58359375 0.4546875 0.1453125 0.23828125
0 0.45546875 0.575 0.1625 0.21640625
0 0.221875 0.91484375 0.15625 0.1703125