3 0.07924009042444473 0.35372586555840374 0.14458776101791676 0.11057673111680746
3 0.4121312045002436 0.676268087402957 0.14629573138263902 0.11690861827193721
3 0.28011748508545187 0.6365770663720578 0.13997299620027787 0.11345606965141819
4 0.7136319677992711 0.3206476876962127 0.37965243882958327 0.08544169154139994
4 0.1725731695466323 0.40777595771105907 0.33350870991548637 0.31555191542211813
7 0.21267083947451418 0.3872487737444326 0.4137040497712502 0.27449754748886523
7 0.12255694538218793 0.5050327380142123 0.22576633225631956 0.17881547602842468
7 0.10093847815159773 0.6154822371097012 0.1812928996950003 0.3465894742194024
5 0.7103598644085939 0.604940800541083 0.5792802711828122 0.39328957032878675
5 0.41282284194305613 0.7227419988125754 0.5005923328250004 0.5545160023748492
6 0.3927239750174657 0.5129492158516594 0.34881032085715324 0.5036251255080264