1 0.5327502667315519 0.7011326627473528 0.24880886760421675 0.16672739853730273
1 0.7927274446021612 0.6435075288205467 0.23943386760421675 0.16656375730360065
1 0.7611458166550021 0.4605956172943052 0.24093270060802235 0.16502853084255092
2 0.4784554030816679 0.8457281424548133 0.23264003954332696 0.19142738960884884
2 0.7163029129674996 0.7947348380733119 0.21899403361182798 0.16308420129724616
2 0.9144963097349199 0.4907080369382215 0.1375185405319101 0.19445120373287833
2 0.9475422785945501 0.637682448464463 0.05805653361182763 0.16027502678536115
2 0.6421013393924152 0.354937726871382 0.24386669961943924 0.1603955779204517
3 0.35053462741568636 0.5747179874213936 0.26076503954332697 0.19191831330995512
0 0.4377202455141947 0.4084696501654511 0.2434210306460784 0.14945807792045168
0 0.5528120518262545 0.5344945876662749 0.22224636760421673 0.16626374837514693
0 0.883137585895193 0.7621563429445759 0.17667919961943923 0.1592228157455871