3 0.38828125 0.36953125 0.15078125 0.2171875
2 0.13203125 0.4046875 0.1546875 0.20078125
2 0.134375 0.596875 0.146875 0.18984375
2 0.5640625 0.6203125 0.1390625 0.18515625
2 0.6234375 0.88828125 0.1328125 0.1875
2 0.41953125 0.9140625 0.1328125 0.171875
2 0.2953125 0.878125 0.1359375 0.18203125
0 0.24296875 0.29453125 0.14375 0.19453125
0 0.51875 0.46015625 0.13359375 0.1796875
0 0.40625 0.5609375 0.13359375 0.1765625
0 0.52265625 0.78828125 0.1265625 0.17578125
0 0.52890625 0.9578125 0.1265625 0.084375
0 0.1796875 0.9390625 0.140625 0.121875
0 0.1390625 0.79453125 0.1453125 0.18203125
1 0.27265625 0.50546875 0.15390625 0.2
1 0.25625 0.6953125 0.14453125 0.1921875
1 0.39609375 0.7390625 0.1390625 0.1890625