3 0.5004603422231705 0.35360311906490666 0.18053087014004526 0.12792136137453217
3 0.4397519363083677 0.5298624038906158 0.19702916542531543 0.14749023292582972
3 0.38385934718556913 0.43959593000989755 0.18946922249741 0.1190376843053107
3 0.3699359342414531 0.3424310029406761 0.15182367328319835 0.11394739258219663
3 0.2793323589723934 0.3980845386708963 0.17130141935425688 0.1305550384437538
8 0.37391711290133484 0.37746442220798143 0.5885360769216895 0.32075947308774866
4 0.8591899481998905 0.6227227747645447 0.2816201036002191 0.426823608095172
4 0.6456807969379001 0.3271966700602749 0.24619871960192583 0.23267746042459247
4 0.062489461329758286 0.4000509096563669 0.10154549917143048 0.3061481806872662
5 0.10901351261088459 0.5918356179332529 0.1896449284504848 0.5913287641334943
6 0.5115315441471144 0.6275795296257847 0.976936911705771 0.570912117817652