4 0.8422643903416297 0.783809903193211 0.31547121931674055 0.432380193613578
5 0.5980621096955513 0.14916162505577157 0.4023742193911026 0.2659804160447922
7 0.38381126730020554 0.09753416357333432 0.2426225346004111 0.1736762164253531
4 0.29120993182494204 0.08362156079786523 0.08241986364988403 0.1468696828135252
4 0.45279868923931577 0.12530367790779035 0.17996602570316256 0.12900570357377186
8 0.5413915929268184 0.4619534437251212 0.414250772774594 0.5191690830409866
6 0.46361410281265014 0.5055814269192072 0.25830847338261637 0.6734852154367699
5 0.32020765961900166 0.3741656477560035 0.13131093878220526 0.5045203567298018
3 0.7888714293906651 0.48685657912383495 0.11497769566510652 0.14195668973360753
3 0.9439622001137307 0.43195019771663484 0.11207559977253859 0.1582183596955513
3 0.7747094758168933 0.31157007764096023 0.12004719764227297 0.15152269072219057
3 0.7799368507983028 0.11445499710861258 0.09673703163466171 0.15369268577927472
3 0.9355886260071736 0.24013011224137135 0.12824169961943924 0.16121602570316257