3 0.3 0.8140625 0.11171875 0.1703125
3 0.2984375 0.4984375 0.1 0.1671875
3 0.2265625 0.2390625 0.09921875 0.1546875
3 0.615625 0.4703125 0.15390625 0.19765625
3 0.67421875 0.67421875 0.15078125 0.20703125
4 0.24140625 0.7953125 0.3015625 0.409375
4 0.2734375 0.2859375 0.478125 0.5546875
7 0.2765625 0.4265625 0.31171875 0.484375
7 0.43203125 0.2265625 0.2328125 0.378125
7 0.5609375 0.146875 0.378125 0.29375
5 0.08046875 0.63828125 0.1609375 0.4359375
5 0.5578125 0.71171875 0.384375 0.5765625
6 0.5328125 0.70078125 0.434375 0.57734375