1 0.5190860016281483 0.7185217787060931 0.18677507142762995 0.1450127055509382
1 0.5331190482990119 0.5416236976794538 0.19146257142762996 0.14520370653952136
1 0.40029073173935076 0.35795966901054177 0.19146257142762976 0.14520370653952136
1 0.06718790544045683 0.6967105153230392 0.13437581088091366 0.1402960306460784
0 0.25106093020051845 0.8451983893530466 0.1710682508107789 0.13968853558899424
0 0.3581251822291133 0.7580896615961679 0.1709318831160272 0.13187603558899424
0 0.1593151298729116 0.41303053509470267 0.17874438311602722 0.13219437056996633
0 0.03770100284266907 0.5775002588972485 0.07540200568533814 0.12687551779449713
0 0.03876467086173233 0.4548440088972486 0.07752934172346466 0.12531301779449713
3 0.364310547081196 0.49330957859236235 0.18047052434972927 0.1416330375661607
3 0.3674474095009419 0.6271261630790427 0.1867205243497292 0.14188770555093805
2 0.19807011810508407 0.6561876274900484 0.17098643019392784 0.13500103558899426
2 0.20495313799058645 0.5305973784786315 0.17243983603812651 0.12881470258518882
2 0.02265447565027076 0.3314874219391103 0.04530895130054152 0.12547484387822055
2 0.0847228640478943 0.8345116042583438 0.16476370373287821 0.13630886760421673