3 0.4452621205840493 0.5875255012428543 0.18597495735199915 0.14608740363849115
3 0.3444092399347757 0.46416723800828796 0.18279541335136287 0.14125435442427942
2 0.1426070985439602 0.896774338503626 0.17336586935072645 0.13613020678164425
2 0.2754399692473221 0.6204215461138398 0.16706132535009016 0.1311516083532208
2 0.19618936859486694 0.5194819383797915 0.16702496268299924 0.1280266083532208
2 0.01581316728995654 0.7014340674111768 0.03162633457991308 0.1283818651776464
0 0.33743034456559556 0.7284116745260526 0.1592306440165447 0.12922523531769164
0 0.3055525412158236 0.8509245293646168 0.1702045066836356 0.1328596575674325
0 0.1876336232893202 0.3153038606295325 0.16384541868236294 0.12319355913900916
0 0.05713924331636442 0.30273970223353036 0.11427848663272884 0.1163955955329393
0 0.1254688832750027 0.42361082030666086 0.16073860001590834 0.12461050992479734
0 0.06421485196531977 0.5664019418944481 0.12842970393063954 0.12344611621110371
0 0.02886824530554673 0.46573200785788293 0.05773649061109346 0.11853598428423417
1 0.35450294995227494 0.3348607276692057 0.1764545066836356 0.13315075599585596
1 0.07069102394972958 0.8027568188589189 0.14138204789945916 0.13823636228216216
1 0.13878430657227708 0.6884716869320494 0.18908177601845372 0.14467045285270289
1 0.535642767266094 0.4700960986378204 0.17968859468490822 0.1426713052100677
1 0.5322343145687773 0.6959137359413734 0.1860295013526354 0.15077490363849116