1 0.328125 0.5546875 0.1328125 0.1984375
1 0.15625 0.79296875 0.14453125 0.190625
0 0.1609375 0.53046875 0.15390625 0.184375
0 0.42578125 0.4375 0.1296875 0.18984375
0 0.50234375 0.58515625 0.1671875 0.19609375
0 0.56796875 0.73046875 0.14453125 0.175
0 0.28984375 0.95625 0.1328125 0.0875
0 0.2 0.9171875 0.14375 0.165625
1 0.31953125 0.55390625 0.13046875 0.18203125
2 0.24375 0.6703125 0.1421875 0.15234375
2 0.2515625 0.41953125 0.12109375 0.16796875
2 0.39765625 0.67578125 0.12890625 0.175
2 0.3140625 0.79921875 0.13671875 0.16484375
2 0.46015625 0.803125 0.11953125 0.17890625
2 0.60078125 0.88984375 0.11953125 0.1796875
2 0.51953125 0.96015625 0.1296875 0.0796875
2 0.38828125 0.9171875 0.1234375 0.165625