1 0.7185877276755704 0.4051688037668349 0.16672739853730256 0.24975605913900925
1 0.6609625937487642 0.14983064040843402 0.16656375730360065 0.2403810591390092
1 0.4780506822225227 0.1974441567433723 0.16502853084255092 0.2418707845319033
2 0.863183207383031 0.446911039913096 0.19142738960884884 0.23373295285270287
2 0.8121899030015296 0.2131567781262717 0.16308420129724616 0.21992300992479744
2 0.5081631018664391 0.05527388916557975 0.19445120373287814 0.1105477783311595
2 0.6551375133926806 0.012390722292522239 0.16027502678536115 0.024781444585044478
2 0.3723927917995996 0.32590310463367644 0.1603955779204517 0.2447774607105857
3 0.5921730523496112 0.598709096156621 0.19191831330995512 0.26185795285270286
0 0.42592471509366864 0.525918067206289 0.14945807792045168 0.24426803846084474
0 0.5519496525944925 0.3996380494236087 0.16626374837514693 0.22319355913900923
0 0.7796114078727936 0.06885473800828794 0.1592228157455871 0.13770947601657588