3 0.07792271577768296 0.14653274881887363 0.15584543155536593 0.14150299763774726
3 0.36146823118386234 0.23642366115474367 0.2035702638537389 0.15062502649368784
3 0.7403937518620267 0.2324405771188108 0.20989303846084476 0.15240578130301125
3 0.37565258581753885 0.6039211852013608 0.1912158130679506 0.15331351687504088
3 0.5694710523190928 0.6764212116950487 0.22155828453190338 0.16841272721932726
5 0.46188141583960024 0.029432105889933325 0.3496746683207995 0.03873020561978084
5 0.6569432812266436 0.545664774216253 0.6587501852749102 0.4785119905509891
4 0.23754919582338957 0.33655509201011724 0.47509839164677914 0.3418601840202345
4 0.723062856700591 0.20131706269084054 0.553874286598818 0.37033241360181435
6 0.585633361458102 0.5142213120578683 0.664567845737827 0.536433617955651
7 0.286328125 0.2102852578893663 0.57265625 0.4194246780297847
7 0.08625206141532075 0.5634846358421821 0.1725041228306415 0.3488442716843643
7 0.24104860752916055 0.4865377338427493 0.17892982878371627 0.09048613466105593