3 0.49604419781523246 0.38452428206554246 0.1791468413771451 0.12078630935708982
3 0.4333234869227921 0.556380553389543 0.19542660580511537 0.13971812269254436
3 0.37851444663410616 0.4628118193825432 0.18819445916315997 0.11152039735836254
3 0.36572921523842766 0.3650464813812705 0.15058533175849825 0.10795904535327176
3 0.2745337855641805 0.4147459420353165 0.16988096878180672 0.12380222135581712
8 0.36930064854087197 0.4002300033815887 0.5851488486335392 0.2973157307447236
4 0.8564992870193839 0.6770599641151765 0.28700142596123224 0.4144646787078162
4 0.6414831833872623 0.3674742367520415 0.2436309820286507 0.22305788136536223
4 0.05780015335019537 0.4028528273392725 0.09803079454985517 0.302580654678545
5 0.10206605243922151 0.5970391793443631 0.18285226096940926 0.5847033586887262
6 0.5092324174192705 0.6597515487348604 0.981535165161459 0.5303315094684484