3 0.42306129185989017 0.18179671811496698 0.13488406010845858 0.09454229534115868
3 0.6436964996072165 0.22571937924167199 0.14425906010845857 0.09503361827193721
3 0.6499475413689109 0.4942237177762827 0.16013859016268803 0.13960248982323478
3 0.9256090540583344 0.2108978041631869 0.14878189188333124 0.10786116689245624
3 0.8276639960911751 0.5489920256690559 0.1898988130353249 0.15365834577069998
4 0.8564272620020524 0.16450083898889595 0.28714547599589507 0.3119422365438743
4 0.4537163942210222 0.2212586456922149 0.5322055294650541 0.4425172913844298
7 0.5959311652982612 0.20946693747312942 0.41883285499341094 0.30467637041964374
7 0.4264731590517452 0.36526763738227236 0.3355203852440319 0.21439885119776694
7 0.24575494505790285 0.46617279737732353 0.4879464693565955 0.3707794052453529
5 0.055529920857406025 0.5449130303031533 0.10654193325224201 0.3242364393936933
5 0.7722749757995031 0.05372370703369054 0.3976749515990063 0.10744741406738108
5 0.7790476714465812 0.4920326967453835 0.44190465710683763 0.4545059520568495
6 0.782840291958086 0.42932797885755924 0.434319416083828 0.40722151628120073