1 0.303125 0.46875 0.13671875 0.184375
1 0.48046875 0.4578125 0.1375 0.1890625
1 0.65859375 0.59375 0.13828125 0.1890625
1 0.30625 0.92734375 0.134375 0.1453125
0 0.165625 0.734375 0.1328125 0.16875
0 0.25703125 0.62890625 0.125 0.16796875
0 0.59375 0.83359375 0.125 0.1765625
0 0.42421875 0.9578125 0.1234375 0.084375
0 0.546875 0.9578125 0.121875 0.084375
3 0.521875 0.62734375 0.13359375 0.17890625
3 0.38828125 0.621875 0.13515625 0.18515625
2 0.35234375 0.790625 0.12734375 0.16875
2 0.478125 0.7859375 0.12109375 0.1703125
2 0.66953125 0.975 0.1234375 0.05
2 0.16953125 0.90078125 0.12890625 0.16328125