3 0.42734375 0.403125 0.15859375 0.2171875
2 0.15 0.4734375 0.1578125 0.209375
2 0.1953125 0.66875 0.14765625 0.1984375
2 0.4 0.921875 0.146875 0.15625
2 0.54140625 0.93515625 0.1390625 0.1296875
2 0.6296875 0.64609375 0.1421875 0.19140625
0 0.57890625 0.47265625 0.14375 0.1921875
0 0.45625 0.59765625 0.14140625 0.18515625
0 0.19609375 0.85625 0.14921875 0.18984375
0 0.275 0.96484375 0.14375 0.0703125
1 0.31484375 0.54921875 0.15 0.21015625
1 0.36875 0.7515625 0.14921875 0.2078125
1 0.5234375 0.76796875 0.146875 0.20625