3 0.4488030551384889 0.60859375 0.1851749515990063 0.1375
3 0.34720471458301755 0.48046875 0.18202268052176757 0.1328125
2 0.14786622727244114 0.90390625 0.17262040944452864 0.128125
2 0.279126359393215 0.63359375 0.1663431383672898 0.1234375
2 0.19926666345154936 0.52890625 0.16632495764913058 0.1203125
2 0.017672271568218177 0.70234375 0.035344543136436354 0.1265625
0 0.3417621938985621 0.74453125 0.1585215480082102 0.121875
0 0.31058894106989177 0.865625 0.16947722872636942 0.125
0 0.18952000049097933 0.32421875 0.1631726865718917 0.115625
0 0.05786652127363058 0.30546875 0.11573304254726116 0.1109375
0 0.12796890125310512 0.4296875 0.16005677693097137 0.1171875
0 0.0657012262904825 0.56953125 0.131402452580965 0.1171875
0 0.03005916296057008 0.4671875 0.06011832592114016 0.115625
1 0.356548419207086 0.3515625 0.17572722872636942 0.125
1 0.0728455848981306 0.80625 0.1456911697962612 0.13125
1 0.14282979020957012 0.6953125 0.18829086123992672 0.1359375
1 0.5385246061717612 0.4953125 0.17890677088084708 0.134375
1 0.5364297992847564 0.72109375 0.18520222267624523 0.1421875