3 0.45321864337999784 0.3672925570998037 0.20167268268618094 0.15423155585660825
3 0.3728237133990879 0.5036184814554917 0.19538632001909004 0.15077900723608922
2 0.275511266709089 0.3267483649925768 0.17656359468490823 0.14354636137453225
2 0.2135936167249973 0.44061943520982194 0.17961586935072651 0.13746013568479168
2 0.08960848734881746 0.11868912426483098 0.17819882001909002 0.14987824852966197
1 0.5809340160327713 0.27170449739800817 0.1938783640197265 0.1553846200809595
1 0.11713514536918015 0.27004026232447187 0.18128745735199914 0.14691702283992142
1 0.5669822460614062 0.48178218226914576 0.19538632001909004 0.15077900723608922
1 0.41355889608526886 0.6494156603337354 0.18590223201781733 0.1409126843053107
1 0.02263062002704421 0.20028328301668674 0.042243138685544586 0.1411915660333735
0 0.256777806015272 0.12588854986371442 0.17342041335136277 0.14182008706427268
0 0.37117720802831694 0.22791911861062145 0.17968859468490822 0.14371013568479168
0 0.0725140833863612 0.3941870912481442 0.13739200668363558 0.13212418249628843
0 0.16415778540736023 0.553583102668105 0.17022268801718105 0.13540631275401313
0 0.048895864735814996 0.5116268967660682 0.08739200668363559 0.12950379353213642
0 0.07985660542645026 0.6897043091359686 0.14520450668363558 0.13253361827193721
0 0.22952025075585952 0.6686592260284249 0.16402723201781733 0.1397662641334943