1 0.5390625 0.475 0.1453125 0.19453125
1 0.4328125 0.596875 0.140625 0.18671875
2 0.44765625 0.771875 0.128125 0.175
2 0.32421875 0.859375 0.134375 0.18125
1 0.3015625 0.51875 0.14296875 0.1921875
1 0.640625 0.596875 0.1421875 0.1875
1 0.2375 0.95 0.15 0.1
0 0.18046875 0.83125 0.13828125 0.18984375
0 0.2921875 0.69453125 0.1375 0.1703125
0 0.5640625 0.84296875 0.12734375 0.17265625
0 0.5125 0.9671875 0.121875 0.065625
0 0.38671875 0.959375 0.1265625 0.08125
0 0.32578125 0.86484375 0.1328125 0.175