3 0.918639817313819 0.122329488794652 0.1609567760184536 0.13964699430041677
3 0.6255250693030014 0.20881772834541615 0.19854768268618095 0.14833231648875014
3 0.2476000639720013 0.20043118541111093 0.20481586401972632 0.15004028685347243
3 0.5900115465865946 0.5759513301690273 0.18608404535327167 0.15116637575930572
3 0.39237293057768585 0.6461586466577774 0.21593517735518084 0.16591985999173636
5 0.5373454586648637 0.009053517525260265 0.3487465826702726 0.01810703505052053
5 0.3170409546467282 0.5144560113991664 0.6340819092934564 0.4710879772016671
4 0.7547756699554566 0.3104685344818396 0.48659421737745256 0.33623758567479206
4 0.26875 0.17578125 0.5375 0.3515625
6 0.3856700392664122 0.48385866840927055 0.6466066587364514 0.5289732123840283
7 0.7031415393061831 0.19502673190605885 0.5609044213876337 0.3900534638121177
7 0.898169491923958 0.5390994147064576 0.19460671204645266 0.34662434612402804
7 0.7311643526018667 0.46019643075836747 0.17598179201145392 0.08844817021222226