1 0.4703125 0.46875 0.1421875 0.19375
1 0.64296875 0.6203125 0.1328125 0.18203125
1 0.27734375 0.52421875 0.14140625 0.18984375
1 0.2171875 0.9546875 0.1375 0.090625
0 0.1546875 0.8421875 0.1359375 0.17265625
0 0.234375 0.71484375 0.1296875 0.17265625
3 0.3625 0.67265625 0.14609375 0.19765625
3 0.50390625 0.66015625 0.13828125 0.1921875
2 0.30234375 0.8671875 0.13046875 0.175
2 0.42578125 0.8265625 0.1296875 0.17578125
0 0.365625 0.96171875 0.128125 0.0765625
0 0.490625 0.971875 0.121875 0.05625
0 0.5515625 0.85390625 0.1296875 0.17421875