2 0.39453125 0.38828125 0.15390625 0.20546875
2 0.2953125 0.48671875 0.159375 0.1609375
1 0.18828125 0.56875 0.17265625 0.1640625
0 0.278125 0.6453125 0.12109375 0.1515625
0 0.27109375 0.771875 0.140625 0.1546875
0 0.2390625 0.9234375 0.125 0.153125
0 0.35234375 0.8890625 0.1125 0.1703125
0 0.33359375 0.97578125 0.1296875 0.0484375
0 0.684375 0.709375 0.12734375 0.184375
0 0.36875 0.721875 0.1109375 0.153125
2 0.50625 0.53125 0.115625 0.153125
2 0.47578125 0.678125 0.1328125 0.1484375
2 0.4046875 0.5625 0.12265625 0.159375
2 0.56171875 0.796875 0.13515625 0.14453125
2 0.46640625 0.68359375 0.1125 0.1546875
1 0.584375 0.63203125 0.13359375 0.184375
1 0.63203125 0.93359375 0.1359375 0.1328125
1 0.44921875 0.8203125 0.11484375 0.16953125
1 0.45703125 0.94375 0.1109375 0.1125