2 0.6046734832511401 0.6375275712332978 0.2080317706874535 0.16393410447712728
2 0.5050814685710044 0.7315874304601235 0.1627919960216353 0.16780937697836454
1 0.4218047972231414 0.8343196048158115 0.16606244668999892 0.18047315128862387
0 0.3462877239020045 0.7404633842144537 0.1529806440165446 0.129818054047586
0 0.21964340790105 0.7408617746489438 0.15632382001909004 0.1487318283578455
0 0.0724989719525931 0.7649499706013578 0.1449979439051862 0.13302494120271574
0 0.10340133724541314 0.6534702380142123 0.17162155601527201 0.1214256999091429
0 0.020718843292501878 0.6676755009045111 0.041437686585003755 0.13222600180902228
0 0.2869523706238201 0.33085601085413385 0.1858658693507264 0.1377876843053107
0 0.2707797412476403 0.6458259136130959 0.15441587468172663 0.11896244120271575
2 0.4630046985996394 0.5183161465389257 0.15447041868236297 0.12364994120271575
2 0.3157751625955033 0.5410875039567289 0.14998291335136288 0.14059177973732648
2 0.43057291191918556 0.6182409034363305 0.1607931440165448 0.1302274898232348
2 0.19802513594050275 0.44892658016686776 0.14531359468490823 0.1419086182719372
2 0.31019732459423055 0.5501758989137748 0.15599655601527207 0.12060682835784534
1 0.3631325152769117 0.43490942503305663 0.18593859468490823 0.1440376843053107
1 0.0646608419796373 0.3714489540930145 0.1293216839592746 0.14289790818602893
1 0.1732785799252307 0.5601982728399214 0.1700954186823629 0.12446881275401331
1 0.05341371196691062 0.545916687584671 0.10682742393382123 0.11683337516934209