3 0.039451990075202545 0.4010170599936367 0.07890398015040509 0.16671588001272664
3 0.04883345223353035 0.19705626599300033 0.0976669044670607 0.16213746801399936
3 0.18805204011798377 0.4553762013049104 0.12290246071058575 0.157595418682363
3 0.2050512572387103 0.27480745397041045 0.12410108767505648 0.14980110001590835
3 0.2115325053766835 0.07016650198918231 0.11755998924663302 0.14033300397836462
5 0.6934009737402643 0.33471442457036804 0.10410122663123929 0.4915704293443632
5 0.2601154387940762 0.8499069039624562 0.5202308775881525 0.3001861920750876
6 0.5345075091007371 0.47711210459104886 0.271772531841307 0.6715499253659984
8 0.447827300457066 0.44376434993636654 0.4393880632728383 0.548568053389543
4 0.5914190585198366 0.08072109929981972 0.21091188296032684 0.16144219859963943
4 0.6736515157157656 0.058991002625729164 0.1526969685684687 0.11798200525145833
7 0.29908600930562496 0.0853733313176371 0.15182798138875012 0.1707466626352742
7 0.45008558312694247 0.08018584464513735 0.2810788337461151 0.1603716892902747