0 0.8950794424577548 0.529143193127339 0.1509524087076727 0.2137836182719372
1 0.6540377802067029 0.5746482021724505 0.15385915389834964 0.20769739258219672
1 0.719409742828424 0.1157025701057034 0.13790677168436433 0.19750352103089913
1 0.8522569591631599 0.08511979195025667 0.15084328130301117 0.17023958390051333
1 0.595654817415346 0.3820379782917323 0.13732641832631973 0.2255466338757694
0 0.8453894333872622 0.31651039631584227 0.14744546279135698 0.2026823439616777
0 0.6176264988188735 0.0650706428093393 0.11962799763774719 0.1301412856186786
0 0.48196181733052795 0.06799478657896056 0.12991073320977692 0.13598957315792112
0 0.45187999164729753 0.20955654794315048 0.12387898801910051 0.1530984237898611
2 0.933350702539738 0.17171247343049229 0.13329859492052415 0.2067966338757694
2 0.4808706095181304 0.5242398456591583 0.13187502649368774 0.20342597241038013
2 0.34479666714519347 0.28091364880223313 0.12631450725639412 0.17818031094499087
2 0.3697594284931208 0.020758478064589688 0.11764385698624169 0.041516956129179376
2 0.6618477578893663 0.2603843063108935 0.13056549763774736 0.16592597241038015
2 0.5724181809401916 0.16488809984302982 0.12387898801910033 0.15309842378986116
2 0.7085218281303012 0.0034846896208359903 0.13266865626060226 0.0069693792416719805
3 0.7302679195922642 0.4266400701057034 0.15418653611233477 0.21707239258219674
3 0.47497772966639806 0.3554898456591583 0.14193950725639404 0.17899918249628843
1 0.361381510336437 0.4420591887163249 0.13500002649368792 0.20358974672063965
0 0.3112053732283105 0.10344042401700375 0.12028276206571756 0.1841027623244719