2 0.6778277945234239 0.6176503392812421 0.19730471741393635 0.2438978246740408
1 0.8265239852084335 0.33919587702365195 0.14890170950527093 0.20557961850553053
1 0.5899538379467215 0.03215712418427817 0.13928267589344295 0.046150071427629925
2 0.7162815049800969 0.4309549086802772 0.15075336958138302 0.17438416558343128
2 0.5955697569572632 0.4382162094116258 0.14603137749004844 0.21177507142762994
2 0.5612544708739774 0.26664517247999486 0.13500103558899426 0.17098643019392784
2 0.6914831403416297 0.2821901262128731 0.17068386760421675 0.16536372158978568
2 0.6021911941822318 0.14088724187902985 0.17913303756616053 0.18112508928453738
2 0.4861231838021084 0.08967752353565506 0.12849636760421673 0.16462733603812651
2 0.39150570357377185 0.18170929058178362 0.14290637749004845 0.21172052434972924
0 0.4390704061589605 0.35273090259449247 0.1668877055509382 0.18715690097293464
0 0.8359122781746204 0.1480896359521057 0.20566104547482594 0.21906146590774284
0 0.7234958498097196 0.09069810145610673 0.13761669961943923 0.15854097727182856
0 0.8117770301889677 0.5520680239393968 0.1544513725471326 0.18850121266133185
1 0.47298910281265016 0.49540932629559864 0.16592738342154742 0.24022735389503397