5 0.27265625 0.1640625 0.5453125 0.328125
5 0.6953125 0.5984375 0.11015625 0.51171875
6 0.5390625 0.48671875 0.23515625 0.63359375
8 0.45546875 0.5140625 0.3875 0.52734375
3 0.209375 0.51015625 0.1109375 0.13828125
3 0.04921875 0.575 0.0984375 0.146875
3 0.215625 0.6875 0.11640625 0.14140625
3 0.06015625 0.7640625 0.1203125 0.16796875
3 0.221875 0.88515625 0.11953125 0.15
4 0.4625 0.91328125 0.246875 0.1734375
4 0.69609375 0.91328125 0.1078125 0.1734375
7 0.353125 0.87578125 0.25 0.2484375
7 0.59375 0.89765625 0.234375 0.2046875