2 0.6276817744022181 0.37275040908619117 0.16581770678164426 0.1773859339354164
2 0.6811791478520322 0.5136184565464532 0.14652405128112633 0.19855160580511538
2 0.5518533668347855 0.5438739301375832 0.16498295285270287 0.19295637023308565
2 0.47233918714144635 0.6769071741471336 0.1465968258882322 0.20011410580511538
2 0.35383959016076505 0.7426636381196168 0.15277405128112634 0.1987698606144388
2 0.5516178105912605 0.8168749205189364 0.12275691149637388 0.15716271397248321
2 0.43364690653848453 0.8545336663425853 0.13656685442427943 0.18572422359113006
2 0.6225746275881525 0.683360526872206 0.14230743217453856 0.17500497840045348
1 0.5419088627009563 0.924851111625929 0.14571922249741007 0.1142857332097769
1 0.7843683062480343 0.6426114973832933 0.14394270678164425 0.17662204210278443
0 0.6775574183253088 0.8928148832254754 0.1576413337461151 0.16930061542376224
0 0.7698478496712777 0.41848451662058694 0.1395848465663967 0.217028787293461
1 0.43808411931598484 0.5080678941100667 0.13634853060296184 0.18103672359113004