0 0.5236219589366172 0.5739085806287503 0.23863537155854947 0.18797868778015675
0 0.400382071597918 0.4385968694251215 0.2223737015966055 0.17189904671392994
0 0.0985210716350991 0.20488006512283707 0.1970421432701982 0.19961486975432585
2 0.516176803840602 0.1246587383880245 0.2821943705699663 0.1845641827655919
2 0.2841972919776039 0.18759196206155865 0.24619320357377186 0.18195600831327022
2 0.028627724296837465 0.3287100217076124 0.05725544859367493 0.17382995658477524
2 0.0175682074909235 0.4992498422407257 0.035136414981847 0.1952503155185486
2 0.2894870394689649 0.5939867145688411 0.23289470752810448 0.20029683135366608
3 0.6022138270351255 0.40697348172410697 0.26082870653952134 0.19642768527287444
1 0.44740560471545443 0.28038355265293174 0.23382053756616053 0.18471729546028878
1 0.1779579263505535 0.3436266648854102 0.25075336958138306 0.17896740063313823
1 0.1346178087463368 0.5071950713910433 0.26127437551288213 0.20736518527287426