0 0.25334499419401224 0.25182536171074704 0.12361465940862688 0.1713343413771451
0 0.49520222209068854 0.3620088604448027 0.12035326708875882 0.16653771397248338
0 0.1555951866595296 0.6876115834877787 0.12660326708875883 0.16675596878180662
0 0.1857192926903089 0.8325049320364999 0.12963733887551349 0.1637400961864685
0 0.5883465360263913 0.9160019012816427 0.1161371285298145 0.12892858656782166
0 0.5028014926111666 0.8518699686121707 0.1185179824490227 0.15710815027015243
0 0.5039788623654925 0.6504711597191634 0.1247679824490227 0.15732640507947587
0 0.3950227141731297 0.45213784184048117 0.12325094655564542 0.15883434137714508
2 0.15374214779665138 0.34895831125526017 0.13473401583511763 0.177966287293461
2 0.15354225633471316 0.5167633701482676 0.13468855172849495 0.176403787293461
2 0.2902453198081976 0.7539310095338289 0.12356919530200425 0.1697718413771451
2 0.41738448132839545 0.7565153177938642 0.12646687476889085 0.1620684687818068
2 0.3888921053058635 0.9042360551799924 0.12660326708875883 0.16675596878180662
2 0.479511093627381 0.9549230467424717 0.12346624373179385 0.058943468781806986
2 0.590981105701575 0.744989996835139 0.12807483887551357 0.16368553248413775
2 0.5426502204413358 0.5016145082678845 0.12972826708875881 0.16686509618646853
3 0.38028792742182255 0.2879761381196169 0.13652383636823098 0.18583335099579185
1 0.2732757463055833 0.42517109247345336 0.13339883636823097 0.18572422359113022
1 0.2589224266303997 0.5965922246874384 0.1299101235152496 0.17311509618646853
1 0.38650185735092757 0.6108680010963083 0.12522262351524951 0.17295140507947587
1 0.25238630397308 0.9285143472827768 0.12859166442319178 0.12780259618646853