4 0.7740970111631426 0.6645447045403617 0.15822783870851378 0.24631371266133187
4 0.2877056310982999 0.3781558222384088 0.1088785020669146 0.19237050649282175
4 0.25593543858467926 0.1988404691541537 0.16163532092583344 0.118352353895034
4 0.42206351447291135 0.3968939598186629 0.13751292431665546 0.20379893019392786
7 0.2311668025194714 0.6894148762161684 0.13606174028009033 0.23968188311602728
5 0.10324720202413336 0.4904670872559425 0.11360454342324347 0.2268000535707225
6 0.36468346980681365 0.6230513108743232 0.11760283870851378 0.24560460064862327
7 0.4197774607105858 0.16345021428288975 0.10702490363849115 0.18609323295387145
3 0.49198640860088994 0.27243547645775434 0.03626713978475227 0.041225017856907444
7 0.5133349855225793 0.563196844152506 0.1636045434232436 0.22767280681713337
7 0.6300344880037787 0.605045199265356 0.1515411910658786 0.2368296185055307
4 0.6337351069054789 0.23197589204118563 0.15270127667402048 0.1946966655834313
2 0.642523717739899 0.43743100527171047 0.03612159057054054 0.03810001785690744
1 0.761851606491194 0.384870841309837 0.03812073821317572 0.04750229139585791
2 0.8947026478475231 0.4215368185816656 0.036412688998964174 0.04435001785690744