4 0.3484375 0.74375 0.24296875 0.14765625
4 0.6265625 0.2703125 0.18984375 0.1
4 0.80546875 0.246875 0.115625 0.15546875
4 0.61015625 0.40390625 0.2015625 0.12734375
7 0.3140625 0.19921875 0.2375 0.12421875
5 0.5109375 0.08046875 0.22578125 0.103125
6 0.3828125 0.3359375 0.24296875 0.10546875
7 0.84375 0.4125 0.18359375 0.0984375
3 0.7359375 0.4796875 0.040625 0.03359375
7 0.4453125 0.4875 0.22578125 0.15390625
7 0.40546875 0.60234375 0.23515625 0.14140625
4 0.77890625 0.6234375 0.1921875 0.14296875
2 0.5734375 0.62265625 0.03828125 0.03359375
1 0.628125 0.74453125 0.04765625 0.0359375
2 0.59375 0.87578125 0.04296875 0.034375