4 0.3744098223094874 0.7559177056197808 0.2488789880191004 0.15538693756361344
4 0.6360020205032381 0.2921925446346732 0.19411707694917482 0.10665677168436441
4 0.8140898149682751 0.27500258855155624 0.12108137023308566 0.16028771397248337
4 0.6242609670525262 0.42521337576019924 0.20603672359113007 0.1351637176006804
7 0.3210193720471841 0.21018605416850203 0.24186509618646843 0.1332936827542901
5 0.5137475306700391 0.09831108066218985 0.22860120435383652 0.11098217313564325
6 0.394543696001134 0.3493056070710597 0.24746033175849824 0.11476193756361361
7 0.8581548174153459 0.44196439925866216 0.18781251324684406 0.10487601687504089
3 0.7526885566155728 0.5053870037978332 0.041825401451278846 0.03579365626060209
7 0.46233637512722703 0.5030506551642938 0.23034724282842375 0.16098217313564334
7 0.42650305724854487 0.6165030307548571 0.23928573320977692 0.1488095553496283
4 0.8006771672300115 0.6506375056119317 0.1972073606144388 0.15046133538669526
2 0.5951811353788461 0.642681128755424 0.03870040145127866 0.035684528855940555
1 0.6541246041606528 0.7664658583370041 0.04812996515360979 0.03757441106992569
2 0.6243329551564447 0.8965154568857253 0.04495040145127884 0.03590278366526398