6 0.11640625 0.1734375 0.19609375 0.29375
6 0.27334345 0.39996992656249997 0.513613975 0.13914959531249999 0.3845193359375 0.0132692859375 0.1518113375 0.3353857953125 0.27334345 0.39996992656249997
6 0.6826414062499999 0.0248854625 0.552727740625 0.0248854625 0.5401554484375 0.27576975312499996 0.6295584609375 0.340353815625 0.6826414062499999 0.0248854625
6 0.7846167890625 0.3453218359375 0.9159274187499999 0.56143005 0.9480565953125 0.29315775624999996 0.8586535046874999 0.2807377734375 0.8747154140625 0.0132692859375 0.727343028125 0.0074974593749999995 0.7846167890625 0.3453218359375
6 0.0316760375 0.7228902421875001 0.2649619734375 0.6185621515624999 0.1546051890625 0.37512989218750004 0.04138208125 0.424718303125 0.0316760375 0.7228902421875001
6 0.0260884109375 0.9787425531249999 0.235626571875 0.986194515625 0.3669372015625 0.6434021859375 0.3367566421875 0.6237344031250001 0.0218975953125 0.7626343390625 0.0260884109375 0.9787425531249999
6 0.383700309375 0.44219796562499997 0.33201417499999997 0.3453218359375 0.24400812656249998 0.48194199375 0.27054959843750004 0.5316220640625 0.47869094843750004 0.593722115625 0.59044461875 0.3453218359375 0.4813016390625 0.1943962984375 0.383700309375 0.44219796562499997
6 0.459134065625 0.6111101203125 0.471706359375 0.6434021859375 0.5666969984375 0.601174146875 0.81255515 0.3776139015625 0.696233765625 0.2279383375 0.459134065625 0.6111101203125
6 0.563903146875 0.74276225625 0.535964709375 0.926578540625 0.6686722265625 0.9812264953125001 0.7804259734375 0.6657582093750001 0.76925056875 0.4074218890625 0.561744071875 0.72659665625 0.563903146875 0.74276225625
6 0.369731053125 0.9464504874999999 0.4912632421875 0.9936466140625001 0.5178047140625 0.6309821343750001 0.3681794671875 0.6125537234375 0.369731053125 0.9464504874999999
6 0.776235159375 0.4372299453125 0.7818228609375 0.5490100671875 0.8167459640624999 0.775054321875 0.9410720046875 0.9911625359375 0.9843765859375001 0.812314340625 0.946659553125 0.725374253125 0.877229240625 0.49851078906249996 0.776235159375 0.4372299453125