6 0.1113597341648824 0.16937250417635125 0.20542225204506406 0.30062502649368783
6 0.3840171078125 0 0.1420526078125 0.3300844265625 0.26170551406250003 0.3904245625 0.5095651359375 0.1212138 0.3842969625 0 0.3840171078125 0
6 0.6819173125 0.0010471 0.552003646875 0.005583784374999999 0.53213136875 0.256907109375 0.6196551765625 0.31836915 0.6819173125 0.0010471
6 0.7296539953125001 0 0.77456895 0.3179224140625 0.8995914734375001 0.529445159375 0.9395265765625 0.260050890625 0.8504848703125001 0.2507529328125 0.8727923687500001 0 0.7296539953125001 0
6 0.0106420796875 0.721784090625 0.246963653125 0.609309475 0.14369002343749998 0.369730959375 0.029024040625000004 0.423273209375 0.0106420796875 0.721784090625
6 0 0.9778330640625 0.20693124218749998 0.9779662546875001 0.34821610937499997 0.63058845625 0.318607825 0.6119746015625 0 0.7617320328125 0 0.9778330640625
6 0.3219663359375 0.3337276453125 0.229985046875 0.4734210421875 0.2550809765625 0.5221742640625 0.46141540000000003 0.577005859375 0.5803967796875 0.32470305625 0.475645284375 0.177588875 0.3708336625 0.42879885624999997 0.3219663359375 0.3337276453125
6 0.8015677078125 0.34923885 0.6896014375 0.20362531874999998 0.4413525765625 0.5950768046875 0.4529852671875 0.6269298375 0.5492046171875 0.5813846515625001 0.8015677078125 0.34923885
6 0.6401214515625 0.957875946875 0.7610543875 0.638505134375 0.757395803125 0.3805590671875 0.5406022687500001 0.7069801203125 0.542290971875 0.723070325 0.509004028125 0.907862240625 0.6401214515625 0.957875946875
6 0.34219215625 0.9335391953125001 0.46235107812500004 0.9764913234374999 0.499445009375 0.6128999953125 0.3503559734375 0.5996966125000001 0.34219215625 0.9335391953125001
6 0.7658483 0.5217082109375 0.7941941859375 0.746532925 0.9122321203125001 0.958299578125 0.960740653125 0.777939153125 0.9255533187499999 0.6923161734375001 0.8627240578125001 0.46787726875 0.7635130671875 0.410123215625 0.7658483 0.5217082109375