6 0.2094411863479284 0.8785472341648823 0.3017720415204933 0.205422252045064
6 0.42957891249999997 0.7150186140625 0.1589683078125 0.4823371859375 0.0383482015625 0.6150945671875 0.369946834375 0.8384299328125 0.42957891249999997 0.7150186140625
6 0.037816834375000004 0.31663450000000004 0.043110410937499996 0.446548165625 0.2945069828125 0.45182047187499996 0.3554481515625 0.3605382546875 0.037816834375000004 0.31663450000000004
6 0.2952742875 0.0434133859375 0.28649720156249997 0.1331778609375 0.0183742421875 0.1248984890625 0.0186073796875 0.27243881875 0.3540980296875 0.205335371875 0.5648557453125 0.0677366359375 0.2952742875 0.0434133859375
6 0.7623464203125 0.9472900046875001 0.64851265625 0.71703970625 0.40957709062500003 0.8344796453125 0.463778990625 0.946259878125 0.7623464203125 0.9472900046875001
6 1 0.7296345578125 0.66919751875 0.6143417062500001 0.6507594984375 0.6450945406249999 0.8024889578125001 0.9559120125 1 0.946327278125 1 0.7296345578125
6 0.372540171875 0.6579379859375 0.5127463015625 0.74196879375 0.561344890625 0.7139817796875 0.61496383125 0.504033503125 0.3620099390625 0.3995075421875 0.21553163749999998 0.51304200625 0.46731025312499996 0.6034330437500001 0.372540171875 0.6579379859375
6 0.38525169375 0.1764574078125 0.2403158625 0.29713390624999997 0.63314871875 0.5230844453125 0.6649285015624999 0.5095725484375 0.618829890625 0.41581062031249993 0.38525169375 0.1764574078125
6 0.9947270671874999 0.3027769984375 0.674705165625 0.20020244062499998 0.4168242078125 0.218894665625 0.7444542171874999 0.417114125 0.760531840625 0.414484678125 0.9454865296875001 0.43707460937500003 0.9947270671874999 0.3027769984375
6 1 0.47919267187500003 0.6506300859375 0.46383558125 0.6382984375 0.6139970390625 0.9721319796874999 0.60273005 1 0.5216504609375 1 0.47919267187500003
6 0.7959484453125001 0 0.727547709375 0.0322342125 0.5035133140625 0.1082655765625 0.44634766406250004 0.2110427484375 0.5579001046875 0.202202578125 0.7825213515625 0.1607022578125 0.9935636671875001 0.030088110937500002 0.85093359375 0 0.7959484453125001 0